[[325 -1295 -206 416 -908 -913 4 47 1116 164 689 -1573 410 779 681 587 -92 -975 468 241 -647 -288 -1256 -37 -216 -52 -92 -936 -91 937 1320 -725 487 59 112 70 552 -1089 125 369 315 -1504 -491 -1373 225 -473 -426 -339 -296 638 139 854 -378 1108 -1252 -1297 -409 622 312 -32 -997 -226 -446 -1161 460 -137 -1039 -440 -443 150 498 482 53 -483 378 -143 -825 242 539 -1263 -280 -21 -596 -980 -704 -462 287 -634 163 -755 -375 -68 -692 -237 249 301 -138 -31 23 0]
[-548 -393 -130 -95 513 -190 204 -484 172 896 322 -1446 855 636 39 1293 255 -1205 767 -113 -674 645 -775 -477 -351 812 -595 -495 -874 -165 -334 -560 967 -216 1074 572 888 959 1347 -620 1970 1192 -626 1128 231 134 -394 1422 1153 -205 -322 -8 -304 484 395 -1209 1461 879 835 -179 1161 470 -805 711 1296 79 791 1082 -619 -493 72 -375 -80 -238 435 -789 158 211 -389 -452 477 33 -836 481 516 -538 -270 18 287 -765 202 -456 -313 -146 4 -247 -8 33 0 0]
[-1413 -933 -84 131 -22 420 -345 878 1523 52 -1071 100 -145 -351 1210 -280 -934 346 -246 -1161 661 929 1298 -212 869 -2047 644 -259 839 871 -561 -447 548 357 268 -772 -1533 -533 -746 -1437 -848 353 386 732 160 820 -589 -759 1432 -19 -440 -729 -59 28 892 669 -1640 658 -537 480 636 -927 -680 937 -1466 619 10 233 203 -230 60 -1204 -971 -227 -146 -487 1262 66 844 -594 604 -285 -233 1266 1422 832 -383 923 212 235 -370 -222 -166 -312 59 16 11 0 0 0]
[691 707 973 -2167 -522 333 -702 -381 -1711 681 1528 2351 -1474 -796 -1318 424 1014 1888 -1498 1079 1651 -490 1173 -1376 -483 468 18 533 -354 -1329 -244 -24 -367 236 -901 -17 474 735 486 -369 -80 510 -33 -330 -19 -1062 -973 780 -690 -1194 -909 -604 333 -1287 -182 -984 762 -719 74 -890 -456 -1264 634 164 -1168 318 191 70 1353 1278 484 756 1013 198 -1679 -520 8 -1171 -798 178 -665 807 -530 -627 -1877 -226 511 -782 -324 102 1034 -245 611 378 -398 26 189 -11 -23 0]
[1792 881 372 -843 -183 1165 259 -1333 -1988 1319 -263 1 1701 -1244 -2204 -280 -101 1066 441 892 1880 276 466 -1674 -1029 614 -443 1069 -1011 -604 -1223 542 -1057 -620 -164 -671 1213 -193 1214 -415 1153 1245 -180 -96 635 224 -890 -83 125 -1330 -303 -430 -107 -857 -23 -1241 2959 -560 65 -1195 474 646 1790 1480 -984 -481 1239 1006 408 1019 -1150 1425 774 -1594 -1569 -200 271 39 -1644 11 -330 48 -102 322 135 -632 319 -15 -310 182 139 -363 244 204 -404 -221 181 22 -23 0]
[-842 -1102 -942 273 822 214 -1349 2675 1439 -352 -489 656 -936 -81 1066 658 -644 -1800 2240 -1524 454 1128 -597 299 -1615 1237 336 -986 568 308 55 -249 -790 -355 2173 1440 -2355 1595 -244 -361 801 772 -1107 1645 114 458 -650 731 792 1171 349 -423 -649 239 2572 243 -1323 688 871 1206 347 994 -220 -945 624 -240 688 925 -1413 -690 651 -1587 -1089 1470 857 363 -606 1014 510 -1516 556 206 233 1495 1540 1250 -156 292 186 -36 -61 -626 -384 -146 4 -247 -8 33 0 0]
[-1624 -293 574 459 -403 424 1400 -964 410 400 -1507 -1574 1040 559 -1279 340 2508 443 -1234 1416 589 371 -26 1486 -973 -725 -8 -287 762 991 231 -1445 1632 -407 -1169 -1049 86 -1622 -851 -219 483 -396 372 -422 -207 240 693 -1321 429 661 -561 1103 281 1738 -1704 -711 -1164 132 -47 -1030 744 287 516 1938 -200 850 608 -763 -422 718 683 -375 -426 -1681 -476 -1412 1496 -475 209 -378 -1210 -374 -1383 -526 229 -195 741 426 -55 -200 -851 -226 247 -113 499 246 -106 -48 23 0]
[2294 -1510 1179 -359 -614 -449 44 -1017 34 396 1637 2955 666 -2054 1651 -989 -470 619 360 387 148 -347 -1218 -815 -144 -319 186 -1476 328 385 602 1162 -1076 700 869 -479 -673 -187 165 237 -284 -1012 -14 -1293 1054 -1247 -1500 550 -726 -1142 1306 -2047 413 -1358 8 -255 86 -481 388 -552 -1633 -768 -622 -1164 -246 528 107 470 910 686 -629 874 -518 31 -152 -1240 -780 894 -649 -208 -575 -1 475 99 -1165 -207 608 -344 245 317 -24 -120 -112 141 -149 327 51 -42 0 0]
[-283 1062 -281 479 -481 936 -790 -447 -1469 -237 -865 -1970 538 1694 -1157 -1161 -2908 88 -615 504 -181 -867 -161 -1332 1766 517 -1017 626 -312 -559 -887 888 240 -1796 -1004 628 284 -1435 19 -163 -584 -22 658 877 -581 1093 574 -903 728 -172 -121 604 970 -314 -367 847 1921 -127 -1064 -587 -371 -230 34 -910 438 -216 -610 575 -190 -538 -2517 293 527 177 1027 1741 -138 -828 -164 2967 419 -224 2250 -70 325 1219 235 273 -19 213 -622 1021 148 -29 135 -80 -43 9 0 0]
[-633 -243 26 126 1740 441 1593 2183 -371 -662 -1435 1773 -968 -605 -192 58 1566 -617 568 -538 1263 860 -489 2614 -139 852 447 25 57 -323 -494 -122 -1517 1064 1832 -566 -2450 420 -576 -256 -784 -226 -437 868 543 -1 1210 -491 -60 -82 361 -218 318 618 1087 1563 -2419 366 343 1722 45 1213 -72 1542 -590 392 2091 769 -348 72 1818 -1272 -1305 870 109 -200 1 1262 -910 -1035 -1114 -164 -190 1658 464 -556 -1304 187 71 67 425 -95 47 235 39 -96 -54 9 0 0]
[-493 1289 -211 1506 -102 200 -631 460 -761 -616 -612 -92 -919 1327 -1617 -1151 -51 1164 -31 -1033 -42 378 1284 910 -1088 69 -509 572 42 304 -399 -281 -1682 -1093 -460 20 -2213 -1428 -212 1790 -962 -5 -574 -338 594 776 1574 -2152 -23 983 346 862 -150 1051 -220 827 -2343 -761 -452 -244 -50 891 145 740 -89 -480 842 1373 -1044 126 1361 280 580 182 -760 451 -613 914 -1040 338 -498 -435 237 -110 1006 -304 -561 -632 -480 187 -1270 672 70 -50 134 65 32 -17 0 0]
[-431 152 -292 -1456 -48 -401 577 537 -749 1245 -1512 -2448 853 -173 -1922 1033 1624 113 -234 2196 -70 -1523 -467 1309 1668 20 1243 -492 -594 -376 -130 -552 1308 -193 -557 -2282 53 -287 279 -527 1324 -665 -103 243 -169 -349 1466 179 341 -799 -1285 1642 723 1143 -2237 -976 1108 39 -466 425 961 847 1318 1744 -465 -621 369 -1077 307 343 -609 628 -144 -618 271 -235 939 -845 -851 595 -769 143 -1640 -170 -307 -486 274 408 -766 -980 534 -46 151 10 39 -120 0 0 0 0]
[21 1279 -1338 875 -596 387 -1304 565 -647 84 -880 -747 -2235 -58 -415 354 -109 753 821 74 -702 -1490 150 642 -721 844 -456 251 617 -28 -549 624 -705 -864 -1535 105 -1990 821 -244 2084 -29 1574 -661 630 -1280 240 902 -430 -1354 942 -542 1546 -1043 -60 -617 1089 -486 -1655 -943 -605 333 1991 -262 -648 1153 -440 -193 -1361 -2054 -668 -890 101 1134 1260 64 537 -545 -646 574 789 703 -152 -839 -106 1439 -32 261 251 -990 -266 -138 425 693 -38 126 -385 2 17 -11 0]
[1544 903 -804 -237 211 627 -439 666 -223 6 -496 -461 -456 -1470 691 -285 -1055 395 1687 -1068 23 -2133 533 219 545 -1554 13 739 -490 -586 467 640 -476 1048 -907 -513 -54 1474 -674 150 -237 800 1174 878 -561 734 593 469 -1731 464 747 645 -1181 -414 -496 883 1715 -1260 -1050 144 -214 118 434 -616 1050 -650 -806 -867 43 -1311 -2055 -134 -351 999 317 812 842 202 869 758 246 791 295 611 1248 -161 -324 853 -636 361 522 403 116 -103 41 -410 -73 43 -11 0]
[1316 -849 -440 -126 -557 176 -268 326 -543 527 1057 1019 -1192 548 1547 -648 -2175 -436 261 710 -905 -1061 -1022 -1908 -985 2107 -838 1066 318 -385 416 629 -769 135 -175 977 553 461 204 -981 357 -862 -567 1166 -1591 -999 -1145 -208 -1000 737 583 625 -457 -829 372 529 1257 477 -357 -990 -1179 -1088 -745 -1503 -623 513 -1475 -3 22 94 -1238 29 357 2130 1290 302 -1042 -883 62 1031 -553 -14 898 -643 -1286 347 -353 -241 322 -476 299 217 595 345 496 18 -203 -21 12 0]
[543 361 334 321 993 -1710 586 -174 -1529 333 707 3551 -2773 -612 425 569 694 2229 -203 241 -828 254 394 491 -939 2502 -208 199 111 -451 -937 723 -1418 226 454 -987 -913 682 117 860 219 -260 -801 942 228 -1083 88 -998 -1210 -571 21 -790 -754 -882 342 621 -767 148 956 -236 -450 500 -907 887 -806 77 1983 -6 -572 1409 1150 312 2298 295 20 -1095 -394 704 -1522 108 -858 -48 -906 257 -1529 -1440 -1122 -835 344 -137 454 64 1013 497 -88 -315 -29 -7 -11 0]
[-533 1336 -1193 848 689 775 304 -188 -1696 784 -1519 -1802 -818 1843 -2417 -820 -350 73 -148 -350 28 631 -92 296 -152 1268 -1260 763 -155 -268 -1160 -110 -509 -1785 331 -1418 -1139 -398 11 204 1403 1494 -2383 1472 -794 362 1631 -587 698 -99 -304 1446 1445 981 -837 716 -846 -114 -727 407 2023 2395 150 1778 -368 -1424 939 -23 -1087 -779 -211 -347 -456 1221 293 308 -467 -626 -1784 1489 -86 -1125 -1048 518 1318 802 -428 12 -1062 -649 -224 -389 113 -9 414 -513 -7 34 -11 0]
[971 526 -469 -739 -1284 672 -1180 695 890 -351 2095 -970 649 90 156 1006 471 -1836 1448 100 -571 -863 -1933 554 -234 -423 59 122 -99 250 647 -27 -535 116 -713 2038 1558 1524 990 1462 88 -8 667 -1788 -781 677 379 1181 -881 23 -256 1226 -469 -285 716 -196 882 -683 72 322 -543 167 265 -852 1708 -713 -518 -37 991 -1442 -93 832 58 -566 682 1197 -710 1337 1355 -811 44 751 940 -1309 -280 -584 -203 -485 -220 -134 493 468 -845 -10 -415 306 -102 25 11 0]
[-1168 -913 1029 -367 1063 -741 291 141 -639 -90 -300 122 1345 504 -1528 649 -538 284 162 -99 2622 2350 1248 -1344 462 -152 766 353 67 -943 -219 -1023 581 -399 1685 -334 -599 -202 491 -2095 -198 -134 -1187 147 1082 -584 -905 -460 1435 -504 -433 -420 802 700 -339 -74 -950 989 1000 780 506 217 235 337 -1880 539 723 1637 28 693 -88 -179 -894 -112 -1024 -393 -27 172 -493 -1637 202 -47 -758 982 21 561 61 452 -4 -74 -680 -1116 -111 -145 -241 45 292 -21 -12 0]
[-173 994 -798 -978 -1165 217 -676 365 -1510 676 0 2392 -2607 -889 -998 107 2090 862 -831 296 941 -572 628 781 -1057 278 462 -850 212 463 -376 -333 -359 183 -261 -600 -1016 503 -725 1090 -319 1750 -231 -867 547 -1624 -131 2576 -1243 -559 -898 -52 1660 -1150 -475 -160 -1599 -973 -413 -240 427 672 1001 -1082 159 563 1 -1346 -151 -141 1423 -25 -109 1204 -1450 448 -815 -2039 -117 -1208 -15 -69 -761 -671 -857 -62 1084 -701 -1493 289 727 -588 -250 21 -45 155 262 -12 -23 0]
[-775 225 300 -1359 798 403 -1437 1978 1076 -861 -561 12 -1236 113 92 1124 793 -633 -240 -1635 -119 585 304 1622 168 355 -550 158 -1568 -1145 -42 -369 -1096 642 884 1003 -552 865 -304 736 -657 -644 -397 -174 308 432 361 -652 -16 1087 -525 -570 -957 1111 1827 309 -794 270 392 1147 -496 59 80 895 1455 -567 1023 1341 908 291 1854 -1366 -579 234 -138 753 -558 1087 -227 -766 -160 648 -725 115 501 -450 -1765 -506 384 83 369 495 -234 93 -97 -243 -142 33 11 0]
[2438 762 -785 1196 -1456 -443 821 -932 -796 576 862 213 267 -1277 -993 -792 252 34 978 841 -166 91 -1337 193 -1261 852 -42 -836 1278 483 -308 1097 -1571 -748 430 -1644 -662 -216 961 1381 511 345 -760 -1203 1145 186 370 -389 -1307 -333 912 512 36 -593 -1249 -414 -740 -1619 263 -395 -462 2444 -356 23 -556 -877 79 -534 -923 -559 -479 1281 436 -464 -255 -403 -946 2138 -939 -67 -857 140 -63 -402 -46 -165 -157 -753 -1024 -91 468 301 -188 246 -178 68 -12 18 -11 0]
[-841 1317 1165 -1668 394 704 42 -172 -1527 -1357 75 73 -1419 499 -1030 1927 1013 400 -541 -126 1098 -1672 682 112 1200 523 -1273 890 -879 -1961 318 -470 904 432 -1785 577 1412 1787 105 -231 -621 1183 485 -496 -1325 -779 -60 1000 -730 -1127 -548 719 -455 -796 -1055 -543 777 -309 -53 91 -297 -1043 -272 -351 1113 185 -362 -746 920 564 -629 -724 986 229 -814 1314 -58 -1433 330 823 -1 1654 -607 -90 -1465 -984 7 -272 141 -55 1577 -149 103 84 -374 -603 -86 61 -12 0]
[662 35 454 -453 -225 1442 -768 -1552 -528 453 937 892 -1140 -1096 -50 -556 -429 372 245 -343 -53 901 -1861 -770 -1980 1733 -2084 267 6 384 -1040 1571 -1822 -1501 -422 1818 219 111 198 1834 343 1075 -660 174 -1234 1084 -1611 -203 -639 0 508 -1056 156 -737 1271 -281 604 -439 717 -1817 -964 556 -354 20 1612 -205 1555 396 -1111 384 -626 1065 1566 229 589 279 -1451 858 -1034 513 347 -1401 647 195 727 1108 243 -318 263 272 -263 67 620 279 -103 -335 -53 25 0 0]
[454 1421 -1376 -373 1455 428 -143 -16 -607 -461 -705 -29 -1323 -538 -1083 -1280 956 555 -531 -650 599 -198 895 558 -396 262 -204 761 -307 -33 53 342 -1625 66 -1420 246 -208 504 -1061 1088 -665 563 393 -241 -916 338 1278 486 -690 747 -612 206 600 300 -249 -304 689 -768 -372 -207 292 947 2352 -56 38 -771 29 -606 -668 -456 1385 634 1519 232 -1164 1412 -929 -1485 -787 -34 -4 -771 -663 41 1256 427 602 285 -750 148 171 -504 1229 -41 231 -7 303 21 -23 0]
[393 998 -230 1521 712 -532 914 -2295 -2111 377 431 282 -649 661 -928 -646 -1055 1232 -833 -77 482 -364 344 197 1942 -750 -1020 -15 285 129 -1754 1492 -452 -789 280 -2175 -697 -772 513 -314 -308 138 535 -3 1365 272 2068 -246 -446 -1164 361 311 842 -813 -1933 1870 468 -546 -605 -15 -271 1540 -1165 560 407 415 842 1127 -202 -1685 -968 596 -924 -25 530 -1015 358 124 -210 1729 -232 508 580 1071 777 -1151 -536 -389 -840 71 124 513 79 -69 296 -242 -53 10 -11 0]
[-85 12 530 -316 -2006 64 -528 -891 -464 1004 2623 996 -1387 -268 13 490 1190 1640 -1575 605 -165 194 -1891 -324 -2651 235 -2032 -1349 700 96 1571 -617 736 -419 -1881 2032 -20 159 -717 899 -147 -438 73 -736 -458 79 -1349 -731 -1729 489 -190 80 172 888 -1528 -343 82 -1113 714 -4138 -1698 -626 -1695 -933 1970 2194 391 746 120 629 557 -1045 421 -190 253 -1988 120 -56 359 212 -1855 66 -1093 -2468 -1828 369 443 2 251 -26 -1251 742 1150 368 691 905 -119 -108 35 0]
[-694 841 203 -1544 -1659 774 -1717 849 -452 43 -490 1042 -2035 139 -806 388 -182 1443 263 513 -65 -1441 1223 352 -247 511 1531 27 1778 -239 -919 -361 294 -1223 -1492 33 -729 560 -921 -394 -208 294 1082 1245 -2105 154 341 -601 389 360 -326 328 639 -984 446 88 -1193 243 -97 -264 247 -1257 1702 -239 -1007 -741 -291 -912 -293 495 -1805 -232 2009 -71 -30 1154 1124 -456 207 1905 -322 469 453 -328 580 2309 867 516 -751 415 133 567 642 -44 -152 -529 136 26 -12 0]
[-1245 -634 74 1305 -68 -1593 417 -1185 1268 -462 758 851 -375 1757 1915 435 804 -222 -56 -949 -2473 1215 107 773 -1177 428 564 -112 2388 448 220 -741 272 -396 483 936 1139 1006 -1116 280 -810 -1204 -34 -1203 -663 -774 696 -1047 -280 1891 375 175 -336 393 754 496 -2135 854 933 -252 594 967 -998 30 101 389 -434 552 -462 -865 1173 -466 395 -1127 216 -420 98 1363 1190 -1025 -380 -186 -399 -1606 608 -536 -1348 -530 -141 -400 -738 -253 396 -419 702 -32 -93 -10 23 0]
[114 -898 -17 726 -1166 1360 5 1086 420 11 -1370 -916 30 600 456 215 159 -1476 -10 455 997 1370 -2204 438 -1671 1481 -922 -958 868 473 -657 -143 42 118 935 425 -2064 -916 -25 -262 98 278 -1841 -218 -1020 -276 -1180 -1133 736 330 184 64 1227 -98 716 1180 -2062 75 240 -240 -222 810 -1052 -34 -746 480 332 31 -188 419 65 -2247 -996 524 373 -7 -413 504 -336 89 -530 -431 -598 356 -205 1359 303 966 852 0 156 45 127 381 296 479 -26 -1 11 0]
[-966 -125 -59 -161 -389 1547 -1856 1081 655 174 -809 1692 74 -899 -160 -376 -7 940 326 -572 315 -446 1253 474 -2110 -727 816 50 1123 777 235 -255 -856 -1790 -352 190 -2083 238 -1211 112 467 241 8 765 403 -96 -173 -775 -427 192 758 150 -477 59 1749 -268 -462 -666 -942 -544 521 68 1291 452 2 -45 469 491 282 235 -291 -867 -2419 1442 585 -774 599 -550 497 155 -68 424 717 290 1134 733 38 384 -439 339 -1101 -323 -353 -219 -60 -84 -134 -42 23 0]
[95 -771 -151 1033 -362 -695 -11 625 175 239 -389 717 -268 346 2183 -289 -1172 319 2149 -340 -1692 -1045 -525 66 518 -132 -1041 -709 -17 1376 147 -1353 -616 132 -138 -798 -1554 -212 150 1301 724 558 493 849 30 153 456 -42 83 276 89 515 -1101 172 -537 0 -100 989 -354 271 572 -282 -1537 265 620 568 1518 292 -889 -1168 -1344 -389 1137 -135 1529 137 -202 1314 -59 -62 -761 371 453 716 220 -1243 -1406 128 -689 -409 -651 31 -1005 -160 674 -331 -470 41 23 0]
[-1918 1843 -182 75 1072 -1452 350 -250 -707 -757 1102 -837 -1303 1094 -1286 546 1491 -133 51 35 -1424 122 198 1562 453 192 -1273 411 -552 -346 -172 -1025 686 -97 -1340 795 2279 2038 231 1122 753 1306 835 1729 12 1294 1876 1128 153 1215 -1288 1576 -301 1235 -4 -301 -361 -286 463 611 656 -613 -126 919 2050 -512 820 -317 -599 -1562 628 499 2603 -209 1189 771 673 1057 101 110 -477 285 -242 -674 -457 -708 -478 -514 -108 -250 572 -238 -12 -3 -214 14 -72 35 0 0]
[-222 243 937 1045 478 371 -2218 -1817 1307 -1421 -438 662 1035 592 -276 -823 -1303 1415 -1373 -128 332 160 1010 -35 929 -964 -870 -428 1162 740 -81 726 308 -1734 -1439 -717 -1928 -843 -1016 520 -701 -359 1223 -991 -322 441 332 -1130 420 130 124 -963 -495 -153 -159 722 -253 -589 -509 -160 -54 -422 248 -511 561 93 89 522 1186 1102 -1064 263 491 -1289 -660 -520 -535 -121 731 1209 95 -49 363 569 1046 775 1504 314 354 892 -1425 208 1007 -542 -163 -32 90 -61 11 0]
[-900 1301 -485 1017 1828 -2374 -608 -1391 1903 -2152 1587 -309 -575 105 434 -223 -1061 2065 -1090 -2769 -1985 820 2724 846 2386 -2403 717 -135 250 260 801 324 1395 -538 82 -1309 502 359 -334 -78 -1499 -827 409 -649 526 1142 1479 -638 198 -672 1004 -742 -185 249 -770 702 -1457 -131 -120 1335 151 -829 -257 -503 -107 -1669 -1711 -622 358 -382 498 530 794 -134 -313 344 4 -118 676 718 1865 83 -1099 212 764 750 -108 470 58 533 -349 315 441 -616 -714 -180 220 -88 -11 0]
[255 868 -847 1451 1318 881 3145 -1175 919 -1851 -1192 -395 1414 -844 -470 -1423 255 -170 -348 -285 1145 1269 -902 1865 644 -754 -444 131 671 793 586 97 -5 -251 -411 -2002 2566 -1270 -1758 -252 -609 -496 1260 -190 580 1756 1146 -2236 375 -501 453 -190 1046 612 -317 -211 297 323 -219 1153 163 132 746 2370 -416 -732 499 -1726 875 -708 -26 -1003 85 -2612 -106 413 1268 892 270 50 -1459 148 450 360 -621 -571 -649 205 1080 442 -65 -560 -132 -107 -194 292 -307 -61 13 0]
[-672 -16 1128 473 1061 -1014 937 -2470 5 -624 26 212 359 213 559 797 1733 261 -893 951 -766 0 -632 1633 530 -683 -9 -938 508 104 -227 1032 1458 -48 -797 1208 929 -260 -342 1358 728 -612 -177 339 -375 -484 1403 420 19 233 750 -292 1688 291 -1033 1024 869 17 613 -94 469 454 -304 -310 1771 1034 508 -457 -531 -538 201 -167 -1005 639 2091 -1706 812 -689 867 1843 698 -359 493 -180 -443 141 951 599 502 275 -118 -50 835 389 407 -14 -61 24 11 0]
[1113 -252 31 -272 180 200 -734 1014 1070 641 -968 111 -853 -72 624 -233 1238 227 -674 -712 -431 -574 -139 1230 -855 -678 18 -464 353 -645 497 -396 -1331 961 -170 -264 -2414 -318 -705 1709 -654 -840 -24 -650 696 -84 1587 -549 -1266 2270 557 -42 39 1007 -231 211 -1631 -1392 -566 -349 -239 552 -431 192 137 499 310 357 189 -933 1797 -703 -1601 951 -270 -338 -516 998 -560 -320 -780 -331 -59 -113 1128 -292 -1471 -297 -798 276 -58 789 264 196 838 201 -49 57 11 0]
[-748 -895 68 -744 -660 -247 409 -85 -561 -76 -1041 -133 524 -1524 588 713 -235 -1072 1049 916 260 203 -220 -48 1718 -30 327 -575 -317 -571 -924 -322 140 1193 866 -79 -795 69 935 -1038 -516 1092 585 957 580 -983 -822 1221 815 72 -734 77 -91 723 -911 -132 456 1175 35 162 21 707 -1080 -250 230 2562 -51 1547 -656 -646 -1055 -255 460 836 -202 342 -1076 464 168 -1581 16 -376 -807 1032 698 -744 -952 156 312 -981 -50 -117 59 46 127 -179 -103 62 -10 0]
[-1267 190 -355 -752 -572 -430 1128 1180 1074 -1339 -251 -158 -362 -927 -524 1667 2696 -999 -1042 -59 144 -399 -86 3052 1502 -892 1309 -766 1135 1233 591 -351 605 682 -1326 -879 -271 -84 -443 -152 -648 -343 1987 -1262 -152 876 1813 -163 349 -444 -281 760 211 401 -1508 -432 -1460 1195 156 961 -81 -763 802 419 -1059 876 -240 -890 884 246 1967 -865 492 -1381 248 475 -44 258 168 -898 -188 216 539 66 -594 -319 -423 193 516 166 933 903 203 451 -388 46 -202 67 24 0]
[-650 73 -659 -142 -1719 145 -95 -183 1026 571 -657 -909 -215 1705 -509 86 -792 182 -2026 1765 266 -626 120 547 1347 409 158 -816 1112 1540 -818 -72 801 -1050 -1158 -1204 671 -1829 -1070 -1461 -815 -1538 1688 -325 -25 1093 538 -1565 646 499 -1719 47 949 174 101 371 42 679 -620 713 -527 -1557 773 304 -1420 262 -830 -836 924 820 -600 -94 1447 -3127 -754 272 1194 -384 852 984 -1335 380 992 -976 -373 597 793 71 238 345 -141 976 283 -177 146 360 -35 -74 23 0]
[-289 -55 -159 -956 -2 461 -341 -100 766 -1082 22 720 -1455 -2209 1506 75 -1159 -234 116 108 -948 -1968 -933 1492 843 814 -650 -1008 -39 -403 276 1809 258 2 -530 94 -902 1171 -258 -1094 -275 -473 1287 1888 -482 521 212 692 -872 441 1390 -730 -531 -338 -94 1193 597 -296 -648 -161 -1551 -583 -927 -1291 1383 694 -1576 -308 -491 343 -1974 -282 -675 1458 1253 652 -155 127 312 1887 -187 419 1184 1006 33 1262 149 453 700 107 673 1101 558 467 -82 -575 -472 -21 3 0]
[-622 -462 -1380 -544 452 -899 -447 2104 678 378 -2514 -2596 999 600 -1332 -369 -2822 -698 1511 -615 575 -484 -482 -837 957 114 726 -443 -314 88 956 -254 450 -1462 -193 -525 -82 -1022 -1780 -1338 -832 -2459 1017 -291 933 1783 -394 -1372 -18 1250 123 827 181 1754 -641 -934 1035 26 170 -646 -1138 536 1160 -1296 303 -83 -328 -552 -691 -492 -1278 -252 -204 -721 1025 3020 -287 489 87 -612 -686 -270 1395 465 582 891 -419 871 -9 555 -909 464 -362 -657 310 327 153 19 11 0]
[-1642 -513 83 -718 -443 1285 330 -353 695 -328 74 -1024 198 572 1163 -798 -1371 -1069 -1052 761 -902 -596 74 -1706 3078 80 -490 408 -58 713 -1124 442 978 -604 33 -633 61 -992 1635 -1260 -325 415 594 415 -965 857 84 666 2526 -1253 -966 -51 -84 -970 -33 -521 53 1153 -766 585 249 -1583 -1865 1228 -955 718 -701 204 -149 -642 -831 1076 216 -354 220 731 80 -901 -28 1751 962 138 490 1341 401 825 -373 -749 -182 -848 711 450 -527 52 25 -749 -182 23 -13 0]
[1384 -635 806 -536 -1130 319 -327 -1154 -777 976 774 -820 479 742 -105 48 -1078 249 310 -233 242 -520 -750 -1531 115 -1243 -745 -1435 -1329 36 -114 25 -259 -489 111 571 265 -2272 579 1098 -509 -439 897 -1699 1917 405 -850 924 -178 -855 540 -177 1162 -432 -1111 -1902 1571 -271 38 -1115 -712 -923 -1498 -122 1409 625 567 1462 334 -672 499 478 -267 -568 -179 74 -539 721 -54 -507 -550 564 1664 -37 -1127 -1879 -846 -1249 -490 34 509 585 -900 -312 78 42 -43 17 -2 0]
[-645 -62 447 -96 461 -260 -382 -414 345 1223 276 -920 -172 514 -499 1144 660 259 -531 -649 471 -134 -1313 843 597 -1310 -170 -1464 224 330 -474 139 912 -226 610 -590 -838 664 427 -91 835 506 -264 617 1097 828 84 909 554 -1292 -42 -436 1447 -275 -16 131 -276 -309 357 132 356 195 -1231 865 1753 -567 1555 354 356 -940 56 -743 -1923 -50 1112 -1559 891 355 45 851 532 -2 -702 964 911 -33 205 543 40 -41 327 -612 -602 -286 -11 57 23 110 -22 0]
[1211 485 -254 1020 963 -900 1748 -1109 -557 -1031 1977 728 1906 711 -318 -535 -1330 -1125 843 -1973 -1486 1469 -256 -408 211 1153 -140 245 -656 -580 1133 -541 -602 -104 1224 170 363 219 1537 -822 345 246 -1443 -301 455 -1191 676 787 938 -1147 1848 -625 673 618 -658 -1125 -687 480 490 135 743 274 -1050 -129 -535 -577 -981 1817 -423 -197 1344 261 190 1013 -521 87 -2081 651 -2470 -752 349 -1019 -587 -229 -878 -562 -1331 117 36 -865 -253 -267 -327 -316 -258 -125 371 -44 -11 0]
[1569 -266 63 -1300 274 -1354 1227 -213 200 667 1103 534 1283 80 911 71 2185 -572 -949 1615 -2408 -1317 -1244 1208 1576 109 856 -1384 -1570 -701 1182 -920 1300 2459 929 -16 1970 649 1101 -471 409 -1250 399 767 811 -1350 1309 2216 578 -476 -466 -944 690 901 -307 -1180 1626 16 19 -293 96 -637 -180 227 385 854 -337 793 1091 -81 1666 644 168 -463 -444 -1459 -23 -161 -1177 449 -1464 314 -1453 -1165 -1332 -1555 -175 -628 223 -841 994 359 486 51 238 593 34 6 -12 0]
[312 682 52 688 -465 -1379 347 -829 841 -1692 491 -885 398 2058 418 704 -1290 -257 114 -1623 -1039 584 421 -66 2318 -1364 -131 122 -176 -244 1054 -1339 1689 220 573 -802 3005 -76 -572 -84 -981 -48 370 -848 -257 1083 796 -1110 -14 234 39 38 -750 312 -695 692 -1072 724 251 1708 344 15 -1657 -706 776 -1406 -888 -1797 1040 -1428 -1315 -191 343 -1831 308 1121 101 1239 1749 -201 458 741 -83 -209 -469 -490 -1309 -738 -427 391 89 380 -1155 -436 -102 -242 -382 35 0 0]
[-284 377 899 725 558 -485 -707 -772 719 291 -1143 -1115 2353 908 -355 -91 689 854 754 923 -765 672 -447 431 -1012 301 605 1042 -368 863 -452 320 -3 -825 -418 956 612 -538 570 1793 729 -1246 -459 -480 703 479 716 -1255 284 750 -81 -387 340 693 1570 687 675 -854 388 -389 700 1223 1282 1130 396 -1248 1574 312 -384 434 -279 1265 -43 -1399 924 -84 908 1308 -248 492 327 -903 736 -510 703 77 468 288 621 368 -1431 -260 -378 284 -182 168 -169 -15 11 0]
[-303 -1070 -507 -897 -920 -657 80 -48 1861 656 -677 1129 -85 -1186 2063 -1394 -640 534 373 -394 -1654 -870 883 -42 36 -1193 1588 -596 1773 1703 150 123 -653 589 -784 -1160 -533 -388 -161 -228 -662 -1102 689 -873 371 -308 148 409 130 625 71 -490 475 -881 -1001 -270 -1351 134 -433 -227 1024 -440 186 815 -1646 286 -1686 -527 215 -318 38 388 -915 -105 196 316 0 -436 1072 -427 -122 -81 150 -61 544 36 -613 -6 -1120 391 -27 -476 -235 -36 1116 -493 -512 -15 1 0]
[-1598 132 545 -158 -506 -525 56 -1440 517 890 477 -899 378 1298 -126 1395 1099 335 -1171 732 -335 504 610 -1535 -647 -195 -477 -437 -207 1096 -658 94 1707 -141 -1052 549 1081 -862 913 -460 455 730 239 -682 463 972 73 226 773 -545 -1566 268 -759 -558 -530 -1527 667 -856 814 -1590 366 91 -1809 1278 650 906 63 390 -185 -63 2078 1146 372 -2042 -661 -1356 1005 -493 1122 -729 136 197 -1248 -205 -774 -1314 460 -1226 246 -181 220 128 473 0 122 142 138 -179 -2 0]
[701 1324 430 -1312 -1143 260 -2077 811 -828 -825 1868 1604 361 421 -1188 668 414 -95 -493 601 1767 616 125 -1047 -740 654 508 375 377 -965 -158 -60 -1177 -524 -1161 3585 493 1484 433 165 -1225 -373 -452 -1697 -718 -887 -655 -323 52 -345 -884 -79 412 -464 2227 26 298 -711 43 -466 -979 -244 1429 -2046 -947 80 -541 744 1306 526 449 822 921 -270 -487 868 -943 -63 161 -420 129 170 271 -1431 -734 978 535 -120 486 -32 303 -135 533 316 -527 699 430 319 -39 0]
[-582 -1814 -566 533 -471 522 890 185 1234 822 -138 -75 -298 -1371 1850 -605 1426 -1454 -574 -828 -2104 635 -1842 1262 -1707 -721 322 -249 968 1909 330 -165 782 495 1333 -688 -504 -940 -1259 -594 105 -1054 -1088 -450 -1113 -940 -796 266 -689 407 1281 88 60 189 131 219 -1921 780 -337 -654 -15 769 336 -519 -196 332 -762 -1500 -645 268 1434 -686 -1901 1536 914 -772 -406 -1010 592 -965 318 -1848 -1425 -42 612 554 -18 743 146 -259 62 -196 -122 -162 654 -119 -13 -150 24 0]
[-1142 634 299 -362 166 654 836 413 -1896 70 345 205 -781 1184 -2750 773 -60 -697 -552 1418 1039 252 -759 -850 -36 1947 -811 974 55 -1147 -757 177 138 -385 -544 2343 1421 110 933 -1562 561 713 103 1035 -431 412 -40 844 856 -1252 -609 1505 571 -236 211 -49 481 498 420 -1310 -588 -128 -155 83 -43 1287 420 904 -226 -4 868 477 174 323 945 844 -591 -1206 -8 235 -39 -382 1175 -251 -1237 0 -319 -1005 77 -89 22 356 142 452 -105 180 180 -80 -11 0]
[-798 -44 -1142 -1473 -127 801 -1190 2216 846 207 271 255 -1877 -1257 -566 184 985 -22 901 -862 1975 -190 430 40 -1042 -1153 931 -204 976 241 839 -487 684 464 -338 -347 -1849 1358 -821 -652 59 940 -165 99 -894 975 -873 677 195 153 -299 506 167 -69 -77 -388 -1596 -765 -21 295 142 -489 1023 -153 -729 -112 -743 -1634 -291 -1017 349 -1072 -20 1098 -885 837 466 -535 962 -1369 235 104 -1130 1033 505 1664 1379 1182 48 566 456 -645 166 -152 -206 -329 -10 -138 5 0]
[-522 -1366 689 559 -230 -283 736 -1491 -70 487 1018 -775 357 651 -579 8 234 1432 -1207 -1166 2293 1072 972 -303 93 -2886 -476 -749 423 1088 1130 -1469 -87 200 -631 -481 414 -1324 -1094 -618 -1349 -947 -610 -2713 965 -289 -173 -1846 111 -618 -125 141 1190 679 -1980 -375 -1433 32 -181 -45 -568 -995 297 767 -1282 134 -239 786 677 110 612 -233 -627 -2389 -2357 -1198 571 -396 357 -1547 -267 -101 -1602 -612 -96 -1210 255 569 -41 -126 -1170 -1108 -60 -549 259 472 64 -158 22 0]
[-1834 1455 1163 720 1418 -289 1578 -344 -888 -1428 -1263 176 194 435 120 -205 608 790 -678 -1777 -824 491 1426 1342 1884 -1245 44 625 -665 -776 -797 -105 -20 737 -864 -8 -108 -591 -1080 618 -2488 63 1062 -229 -88 228 865 -1514 84 -1160 549 -727 524 49 326 961 -1316 -1 368 553 230 280 -650 784 247 24 1352 -342 200 -110 764 -540 936 -490 -135 1277 909 982 -739 927 241 -567 -7 932 339 -554 -1231 958 1260 804 -504 690 -179 -241 -359 173 455 125 -23 0]
[10 324 -549 732 342 791 31 1054 771 -1105 -3106 -365 720 397 -671 138 17 -586 967 -1256 410 1373 1644 1096 -1135 525 1355 1534 949 -33 -1641 477 -1041 -769 1167 -549 554 -97 -796 -121 236 149 -949 -523 -458 532 316 -2168 1224 1423 258 324 -1463 92 2389 1313 -1248 1249 -314 1731 2178 1258 2569 1295 -1564 -1664 -85 -472 96 835 150 -813 -788 -985 -208 644 851 583 966 -1205 806 -382 296 334 1840 -18 -652 329 -5 714 -384 -171 -69 1 -157 -715 -135 243 29 0]
[-62 -115 -546 -1384 -378 669 -966 563 934 262 2049 470 108 126 -591 594 1131 -668 360 94 -551 804 -362 -859 -3080 1496 294 933 1034 727 950 -1461 5 -777 117 1211 1304 1237 415 -427 2173 527 -986 -51 -534 166 -244 1339 -27 398 130 1007 -749 -54 1607 -2687 52 176 424 239 1213 -264 1566 28 -1022 -1482 -819 -795 440 292 1752 1561 230 39 3 309 -651 -4 223 -2085 -156 -408 -635 -761 -738 799 111 -1302 -725 -977 287 -1188 -238 -117 -172 -419 -208 -261 48 0]
[-285 -262 375 -678 -151 1149 -358 1506 -245 -651 -432 952 -2022 -117 -773 853 542 1062 -485 904 2122 -416 -288 -282 -1236 891 -540 723 2226 255 353 -1130 36 -366 -1941 479 -1430 439 -761 -1309 144 796 291 1415 -2337 339 -276 -1231 -610 -321 -575 1175 -939 -383 3 -586 -728 28 -425 -712 -651 -1188 923 -553 -2110 592 13 -1768 73 296 -702 -929 1446 629 979 20 368 -1042 1140 258 -960 551 -147 615 -550 1721 699 742 -28 185 267 -432 924 501 102 -167 -396 -89 -18 -7]
[1375 -922 -165 258 -622 1245 -209 218 1484 -558 -230 -667 -204 -1799 740 99 -2040 -885 1762 -1573 713 -449 -261 214 610 -584 -163 302 -51 1483 428 1486 -849 47 -347 -476 -22 -1080 -237 -34 -246 132 432 -150 -1036 1264 -1349 -522 -378 -994 1162 -698 -1473 -1095 -559 -536 874 862 27 736 -1034 -233 787 -973 -222 -962 -937 -949 -1014 1243 -1224 288 1094 -535 -156 535 -617 528 887 -266 1319 114 1231 960 1001 588 612 379 249 623 515 441 -393 -151 -515 -1166 -242 -37 47 -1]
[2085 -150 484 3 0 935 -178 167 -310 -213 1793 2429 67 -1305 716 -1640 -499 583 -112 -427 821 1182 688 -1002 422 -499 1035 1075 -325 -108 -694 779 -1814 1561 1087 -33 -1753 -296 1356 108 -1866 258 -421 -1162 -650 1 -649 -591 510 -1624 326 -2110 -337 -1413 1815 942 -1052 -572 -397 320 -544 -465 -282 629 -2375 -370 397 1368 558 403 546 1422 1444 185 -1770 -630 -629 817 -1275 -449 538 -991 -100 1146 506 -168 -283 157 195 -75 434 400 530 -97 -765 351 261 -156 -130 -2]
[-1237 1068 42 71 857 -622 -2217 1460 1355 -1347 -260 -125 -358 346 -1173 363 2141 -473 1122 -464 -547 -925 1160 2226 -1165 -540 1919 -4 613 507 719 520 -672 -609 -1006 1999 -2005 1303 -1120 2376 -362 -895 -880 -1624 -632 40 1529 421 -1168 1406 646 1370 -118 1417 819 332 -2153 -2200 142 714 -155 1793 1490 -773 1075 -1201 -437 -64 -822 -229 2446 1403 -900 1595 110 1247 -848 805 398 -396 776 -38 119 -696 1215 958 924 -317 -7 35 -427 -390 -123 14 84 -71 396 104 -31 5]
[501 -426 1319 -651 -533 -985 180 -712 -1119 608 1982 679 -115 1561 1244 21 173 1255 -480 1403 -416 -1660 -1232 -366 917 -390 -1016 -926 508 -684 878 -519 476 297 153 -251 189 276 466 687 -52 -1336 -653 -756 584 -1218 451 406 -985 -202 357 813 1488 103 -1883 258 107 -442 -572 265 -857 -1314 -2298 -351 322 914 -186 737 1416 -1061 -911 772 -961 1199 1114 -1030 609 1010 -277 1436 -1855 1622 88 -1441 -2302 -839 -448 -735 -528 -877 214 -106 -366 155 509 294 -146 -21 133 16]
[-952 844 -132 -792 -530 83 -817 -852 -500 26 565 1289 -1396 -170 466 -1149 494 867 -2238 -283 552 1090 2001 -1458 -1045 -203 -263 521 -186 -157 103 -443 -379 106 -1058 357 342 278 -611 817 -675 1193 473 530 325 -416 -1179 867 -14 973 -564 -1068 1055 -722 762 -771 457 246 19 -204 705 -1401 596 -205 -546 614 98 91 675 -175 933 -416 759 1136 -770 475 -272 -798 -709 546 464 -135 600 -338 -693 996 268 -115 245 -109 262 -1055 477 286 -322 221 -65 -83 16 14]
[-939 -282 336 145 108 1738 691 593 -477 658 -813 986 515 126 -1166 -1120 780 212 -753 -196 641 1709 425 28 -1509 261 34 607 -702 -79 -170 -981 -1014 -441 896 -380 -760 -1502 -234 -166 48 607 -824 402 531 129 -3 -706 900 90 612 -756 820 879 1273 -672 -1807 531 -518 -646 1272 -221 563 1900 -1493 -485 1048 1169 -77 1316 1527 52 -885 222 -1148 -626 -491 -69 -2339 -1441 -533 -2304 531 95 298 533 -624 -564 266 -16 -1117 98 -332 -157 -438 309 64 9 27 15]
[816 704 -411 -338 208 -721 -1132 298 -1370 431 254 748 -575 -1096 -892 443 -991 -77 1149 -156 509 -60 -1317 -59 -726 1512 -1330 -1673 -235 -739 -197 198 -151 -733 678 -1059 -619 1700 564 -404 2144 723 -709 841 1829 -367 -724 741 288 -711 652 -142 1033 -625 47 -1040 1377 -391 902 -48 -405 564 -98 -257 1492 -771 1556 1120 601 -743 -1167 -999 -136 587 1262 299 57 1390 -1406 620 -1391 1369 -727 1149 -1584 -79 -309 311 279 -384 562 -813 -385 63 -183 252 32 -97 -42 27]
[-1651 697 -1055 566 772 828 -831 961 837 -1449 -671 1267 -98 686 292 -1704 -1771 -49 191 -1113 -191 -444 -145 109 517 -691 -95 -110 2212 1018 222 1133 222 -1454 -1051 558 -839 723 -1668 -170 -887 805 493 -57 -1512 2124 742 -5 1028 -760 631 526 748 -1634 762 1547 -456 -371 -1181 646 988 -176 -34 -436 161 -250 -873 -518 827 -696 -627 -218 -1032 316 1197 1412 -122 -714 1372 1497 434 -376 1798 314 445 1403 1148 626 -178 950 -314 -549 1006 -517 165 -221 -97 -38 90 15]
[-738 -643 595 -987 -659 729 -1751 1097 1195 -170 1516 1264 -2750 -13 -10 -107 1852 353 -1456 -1341 1376 488 -396 181 -1493 -1217 -99 -875 1285 148 1204 -748 -929 299 -620 710 -1754 463 -1137 1020 -1116 -600 620 -1512 738 -32 -504 615 -730 683 -56 -557 699 86 949 -1429 -3486 -938 727 -652 -1362 -796 -571 -434 -132 -445 228 477 833 -35 3287 -309 -559 228 -1296 188 -639 1390 -180 -1668 -1018 -75 58 -164 -169 1140 -7 -1727 595 -191 490 -575 -395 -103 -224 555 104 -1 53 -13]
[473 608 1376 -354 107 639 1394 -1745 -279 -55 900 1006 2361 -154 -706 92 2199 470 -1019 2874 1789 60 -552 -228 -140 -1087 -305 241 124 -203 794 -963 833 760 -1631 440 1789 214 -41 -703 297 332 1540 -130 -147 -586 152 1141 -709 -655 -854 194 636 471 -300 -791 1900 -845 447 -367 139 -1361 512 1091 386 891 748 -340 1863 -55 -235 84 -482 -1024 6 -1851 1445 -586 1038 -135 -1506 429 -600 -731 -1475 -82 1125 705 -134 203 -130 -689 426 210 -70 638 63 -76 -11 21]
[1257 312 -1831 -1626 -1457 859 -1815 1807 -201 1238 856 -312 -1480 -379 480 1652 -521 -1534 1590 -988 801 -728 -2497 -32 -883 380 187 -1748 -768 261 489 211 389 233 120 1739 549 1590 -486 447 388 997 -980 123 -949 -375 -885 2342 -608 -484 -866 150 1779 -1134 355 -161 962 -645 -207 -120 -185 722 364 -2052 1907 -601 -827 -1246 -176 -1509 158 -252 -988 354 117 1399 -501 -576 983 -977 528 45 -1035 -634 -886 976 1056 207 -453 -376 861 -530 -280 -111 -83 -156 339 175 -65 35]
[-24 -1652 770 -799 96 1396 1053 371 -80 502 -359 -561 95 -611 39 -422 277 -923 -349 1226 1685 -479 -1659 -41 -105 -348 -640 -544 -408 750 499 -51 -145 515 -1182 -249 -729 -576 -1143 -1067 208 -152 788 675 -1723 971 -1261 -604 -303 -632 -553 -209 306 764 -362 -692 121 19 -131 -643 -960 -1202 -1182 1596 0 205 1210 -1382 472 607 -507 -244 -348 -393 1005 -667 754 121 -588 104 -1374 -316 -77 1353 -569 448 429 665 730 -189 570 -276 96 137 121 134 -73 122 -40 12]
[1114 -269 922 260 -956 -835 -219 -2386 -38 -353 276 1021 1350 -983 740 -407 -328 771 11 1336 -1208 -772 -797 50 1445 -1148 937 -29 -189 111 161 496 598 477 -884 -263 671 -1180 534 1929 -430 -116 310 -982 -892 -1240 208 950 -362 -304 197 -770 880 -653 -2196 1851 386 -33 -112 -756 241 626 -699 -1245 1321 893 -437 -1230 372 -94 -2229 1422 44 369 475 -449 -972 -1001 711 721 1152 -1251 -166 -971 63 -142 853 397 -754 349 -1368 212 108 87 414 177 44 304 -14 -10]
[-33 579 1166 -1278 -51 83 -60 259 -2127 -821 -462 338 -452 -995 -1351 1263 1112 731 427 -1110 2107 721 2246 -459 -355 -651 -115 1246 -956 -1640 -651 276 -1371 698 37 302 59 1099 637 -231 -1458 1294 135 515 968 349 -493 -623 -322 -369 -482 463 -1257 -133 68 -792 -61 -721 773 -1 -989 -55 -285 1496 -426 407 1185 2584 -423 548 742 169 411 -85 -1733 196 -77 1635 -747 -1221 -105 758 -955 1145 258 -1710 -1560 -612 -72 -160 1085 -495 746 485 -756 -600 23 -96 144 24]
[821 1675 -1079 448 570 -1682 1066 415 -1774 -360 -1153 -866 647 -1036 -1211 -831 -1016 1376 -511 282 -118 595 1418 -784 1532 195 286 1576 -1054 -1297 -825 1420 -853 781 -358 -1236 1280 -99 549 627 -1797 71 180 -534 1406 180 16 -1134 -641 -708 -1207 363 119 -1079 -613 1834 1624 -1085 -73 318 -347 764 1206 77 -2256 339 -384 -845 907 233 -724 487 1923 -723 -1026 2358 -338 -31 -1089 171 908 172 437 -744 -1112 -1311 -732 780 228 1162 176 522 964 396 -850 717 516 -146 50 -84]
[-339 764 -1015 -382 -523 1309 -609 2019 -1051 215 -414 252 -946 330 -814 -2034 -1991 -319 1426 -937 1104 251 420 -950 -1532 696 -120 -90 555 -528 -22 -117 -1718 -901 -497 -795 -2042 -579 -624 -1391 -97 448 700 1909 -179 503 221 -424 891 274 455 1102 1474 -203 125 -703 -1502 153 -28 -369 -100 -719 -242 943 -1177 -650 -144 1386 37 -826 -55 -1277 172 1588 244 2044 444 788 -1559 584 -2031 20 957 932 -40 2083 -327 -404 -179 -374 -17 -154 69 48 104 223 126 106 42 53]
[822 -446 -967 31 -59 -494 -580 744 -1564 823 -1553 -275 741 -945 276 -1471 -2225 336 964 557 -1777 -927 -503 -1032 444 1176 837 -62 -1644 512 -981 1863 -881 -762 1224 -448 -77 -1533 -244 -292 162 -728 311 1783 545 752 -24 -397 288 -918 247 -232 424 -879 744 633 2625 287 -443 -798 -1010 538 762 161 233 -806 596 1067 -299 464 -1420 1138 486 323 1358 1232 -590 -351 -1311 1322 331 -683 1454 384 18 -7 -366 -322 140 -145 -164 829 557 242 -159 181 3 -126 -114 -9]
[566 -70 -1348 1429 35 -489 -698 1478 1538 -1127 708 -1166 992 -291 908 -396 -1089 -869 2413 -1842 -1536 294 -10 -371 -272 -258 1262 -783 79 761 1537 -482 -400 -703 1588 61 -235 180 47 296 85 -42 -6 -421 761 965 175 -241 395 -337 1371 -37 -1229 225 931 -1905 -51 328 278 626 -160 1329 58 -1420 344 -2047 -1098 753 -1229 -828 30 398 541 -147 -11 774 -804 1511 20 -942 574 496 491 -21 1459 773 -230 -595 182 -476 -422 37 -1258 -498 -562 -31 -120 -5 -131 -44]
[-412 486 1106 -72 1386 -118 -96 -197 70 296 1559 1105 -1577 636 -610 1118 2764 -178 430 173 -162 744 1236 -585 -3800 1596 -914 1853 448 -1023 110 -596 -299 344 -536 1347 -186 2605 1226 1026 1286 1785 32 713 -1485 570 71 708 -1397 1861 425 974 -2110 -814 433 -943 -851 -841 1857 -801 765 -17 -727 919 699 -290 974 334 -947 8 1899 443 1698 1213 -592 -914 -369 850 -403 -856 -196 781 -396 328 189 -5 34 -713 -452 478 1531 34 1392 130 -276 -392 354 -63 -47 51]
[1 1379 422 696 228 -942 1846 -652 -1570 257 535 -576 1174 150 -1433 -1130 988 391 -66 -68 -696 231 361 1046 -202 -886 250 680 -916 22 -497 80 -517 778 386 618 1233 -443 269 169 -1458 -386 671 -415 1403 598 729 538 -1199 -756 1028 1117 382 707 -315 468 257 -552 -46 -477 -408 320 345 485 439 932 412 1281 595 -184 1771 1730 169 11 -121 572 228 1859 -878 149 -923 -288 924 -854 -297 -1489 -752 -560 19 75 34 696 187 -41 -128 708 347 68 -43 22]
[928 -1019 -345 -820 -391 -141 -589 125 249 999 1837 2229 -827 816 792 -361 -529 -248 576 23 -1574 -155 -1685 715 -957 2066 67 -498 -785 1206 362 812 -745 -596 1950 -348 353 118 574 -167 1140 -2104 -722 -639 80 -1268 -265 986 -315 -304 698 -927 1358 -574 -28 606 -183 1491 734 -198 -608 -169 524 -11 1117 -671 313 1461 1038 511 628 480 -756 985 807 -560 -1306 -139 -1124 0 -1243 279 201 -978 -1384 -294 354 -1261 -121 -187 -374 196 -470 -46 -43 208 25 -139 -5 62]
[-1966 559 -755 115 322 753 -360 519 1245 558 -193 -2038 403 1382 -697 339 -155 -823 -910 1118 281 1022 360 450 -1055 571 467 416 750 538 -1019 -881 1548 -966 468 641 622 -153 -153 -1376 1704 290 622 2787 -640 2159 42 -117 1497 548 -874 472 119 538 2163 -130 571 560 149 1439 1292 -728 517 1688 -701 -1209 24 -527 -201 171 231 -316 129 -939 493 -260 1736 241 748 977 7 -115 723 36 339 2051 521 843 568 -12 180 -110 3 -126 -2 -284 -103 -190 53 9]
[796 -588 -798 335 1752 -142 76 -143 772 1115 -2054 -889 1215 -2379 1454 -1282 -623 -634 2182 -869 -352 327 -271 133 -685 -901 54 88 -1761 942 -512 582 -808 976 143 -551 -564 620 -1103 224 724 46 453 1698 299 92 -907 221 -442 885 569 -1078 -632 558 1039 -206 1930 -431 549 -379 242 1371 1189 610 1224 -343 1458 -697 -1345 -284 -880 32 19 -334 181 336 478 741 -677 -488 372 -1343 -1335 2088 2407 -99 79 1519 1124 357 -237 -807 65 -152 144 -378 301 149 -115 -18]
[-698 813 -1345 1034 -844 -382 90 463 288 -166 602 -1327 -533 1256 -317 513 -998 -1012 75 -31 -300 418 815 -828 1065 -377 -9 482 -1124 335 -580 348 -303 595 -296 1185 -142 -463 1420 358 -405 894 56 87 761 1044 707 36 1376 -308 -1240 1268 -503 497 -123 773 99 284 -328 623 343 509 -1653 415 578 631 -549 823 -1022 -1382 1585 229 346 -34 -197 352 -789 -161 846 -746 1433 -242 -350 -174 273 -1712 -1204 -850 318 -700 8 763 -204 -59 -553 87 208 38 31 -54]
[-655 600 -1490 844 -867 -1063 -956 -666 1993 -90 -1285 -2533 312 -26 1745 626 -1502 273 465 -966 -2408 -288 2046 -490 1303 -1460 -681 -464 -946 1178 -688 -480 577 -55 -623 -1287 750 -1030 1159 87 98 886 1433 377 1698 882 -295 305 782 1074 -771 473 -1461 468 -577 -1529 1341 600 -848 -193 501 -938 -1134 -11 978 461 -1599 83 -632 -1315 -552 -91 981 -392 267 564 -93 -479 1227 -1104 1424 365 -815 235 1634 -892 -1369 -240 -82 -317 -250 571 -785 -434 -107 -260 -61 223 162 -16]
[-443 211 595 44 -1091 198 -1071 -650 -883 -766 693 874 -10 728 -445 -1903 -2766 1257 -119 -1524 42 670 1722 -1230 1915 -2550 681 367 537 377 -448 5 20 -1059 -791 -241 -252 -626 -826 -362 -1858 1284 1045 528 -639 1116 190 -755 1544 -1006 214 -461 703 -445 -29 900 -2056 217 -1100 233 986 -1669 -664 138 -1494 -243 -504 893 1109 -375 -1751 814 1001 -166 -407 353 180 1119 -76 747 401 -1141 1936 169 515 948 -21 -440 -87 586 -910 335 252 -436 -606 51 -85 144 -125 15]
[1603 -419 283 223 -692 1164 -622 -368 -444 -893 548 1932 994 -461 -190 -766 -908 -1321 531 1840 1651 -132 -2136 142 -1276 1725 14 409 645 715 375 19 -639 -977 583 296 -472 -429 -83 67 -170 -1033 749 -1021 -501 -1192 -548 -148 -986 134 954 105 1273 -1136 187 323 699 300 -43 131 -1579 -322 1633 -2465 416 73 159 212 99 218 -1615 1425 -141 281 112 841 -1898 -125 -183 -583 -1245 -369 1884 75 -1726 297 1220 90 -41 -2 -830 -420 -241 -141 -460 684 292 -487 99 -35]
[-138 508 -1753 992 344 -2135 388 1291 -158 302 397 -243 -677 563 -1039 719 352 -911 1603 329 -1641 681 -46 1488 -1552 3063 697 -100 -242 822 -288 -388 -547 -179 737 302 44 503 1940 669 1670 -552 -1221 1036 1162 86 1603 533 664 1462 -242 1269 -889 1069 -289 -350 -746 440 1242 -124 458 1571 620 278 -123 -199 536 1401 -2364 352 1981 1384 1518 319 950 -165 -524 1176 -1318 -1194 -362 317 -537 -417 -65 -842 -379 -603 -871 -1026 -80 108 236 48 138 -18 203 -60 -61 87]
[-384 -1598 823 -1004 -1016 -76 -1524 1180 1209 221 -21 -778 -510 1097 1002 2223 -1034 -1568 -365 -247 194 -619 445 -949 1531 -38 21 -823 -40 4 -78 -368 509 611 536 826 -1225 -737 1052 -439 -1023 -816 -600 -1094 370 -187 -872 219 139 1094 -480 -306 -1319 -135 -144 -507 -810 -205 470 851 -1379 -395 -2323 -1673 404 1151 -712 1197 -9 70 294 -257 -762 479 -567 -38 -645 471 1377 -409 793 1506 216 756 409 46 -681 -605 -81 -309 805 844 -646 -61 432 -242 -94 107 -122 56]
[-1042 -80 -413 -172 617 -773 -505 282 -310 -431 39 -619 -727 1071 325 874 -1120 -973 761 -455 594 16 -828 -953 236 757 625 167 -24 -66 177 -105 724 -428 25 1642 1471 -20 -1040 -117 -440 -421 1003 -406 -487 -132 -1272 1593 -317 102 238 -113 752 -476 440 -962 1644 1364 803 785 -398 -437 139 -2217 876 209 -687 -496 -51 -234 -228 -188 1631 154 335 2050 -293 -230 1187 -678 668 -16 2121 -535 -819 389 520 -602 1175 -209 440 -928 -428 -185 131 -342 7 326 -106 -17]
[-1095 -565 -225 -1266 -343 -95 -1458 -640 2418 852 145 -748 -2510 1575 745 1229 -1815 -51 -1519 157 -610 -1022 403 -1018 2056 -413 -249 -389 -651 293 -94 -101 1521 -258 -525 -55 546 81 206 -1039 637 181 -178 1651 -1357 759 -444 418 834 12 -1171 -639 542 133 365 -286 -204 577 -319 531 140 -1690 -1281 -552 801 -740 -1134 -1614 -402 -812 -823 147 -164 594 783 -58 -484 -2147 786 1622 1249 -639 -993 585 590 1403 457 96 170 -87 556 437 -507 -259 -107 -57 230 103 -66 -115]
[209 819 -268 -649 1033 1058 597 2392 -96 -271 106 67 -809 225 -1871 1047 2524 -1571 -1077 -310 1025 301 -1873 2651 -197 987 -63 19 -890 -1272 985 -731 -154 652 642 23 -234 460 -334 838 1127 -221 -399 -386 -701 -371 1425 1556 -801 -813 -559 -114 30 438 164 -241 -922 310 520 1726 558 872 1417 336 1125 -1756 952 -1182 1083 924 2103 -1276 -1527 201 362 -189 80 -650 11 -425 -159 -149 -89 -552 -1099 481 36 -330 -364 417 624 4 -832 338 -92 -285 -289 -181 64 44]
[672 601 230 -861 -563 650 32 764 -2366 -108 345 -357 210 456 -1368 -713 -1142 -323 -174 272 996 -108 -812 -452 1139 402 824 839 -240 -1699 -409 1043 -823 -930 820 273 1138 192 -392 -69 -983 -80 -319 873 -288 370 77 -1125 -553 -538 219 413 1367 -749 674 1098 595 -161 145 1300 -1149 153 380 -366 -311 -780 59 333 1126 -699 -1869 541 -378 1056 480 1328 419 1369 -1012 2128 -306 680 1718 -330 -811 966 -317 -301 231 -75 323 321 281 154 -840 432 140 -8 -38 16]
[1435 1138 399 -6 215 -537 1701 -1345 -1385 -87 -13 1735 183 -626 -1045 -851 -319 1755 -918 -532 885 475 2038 522 198 -80 20 1237 -294 -653 -288 -879 -863 1513 91 -2539 914 123 416 -2042 -757 -219 1211 -326 1288 -1242 1211 -954 -950 -757 1018 -18 893 -522 -979 808 -1257 -49 -482 102 -433 -1107 977 1219 -2283 -204 -659 381 1636 -67 -1027 -49 -328 -541 -1068 339 341 54 -1567 -244 -1343 311 -647 554 -729 -761 -1386 11 -356 368 245 84 -106 241 -85 409 -55 -193 -79 -78]
[-942 -701 -23 457 -149 -1433 748 1203 1348 -515 -566 123 200 -117 1303 811 1325 -484 722 149 -2148 71 -1332 2522 473 238 702 -788 115 655 1027 -1260 1381 942 780 -377 1118 476 -929 863 453 -1128 91 -161 119 -1152 550 618 -91 101 -294 -139 -149 334 291 561 -957 1679 529 2001 1045 119 1185 336 980 -795 248 -1789 238 428 93 -1316 257 -1395 942 692 782 441 1217 -811 -282 255 -1024 -1274 -1380 -486 -219 348 -97 3 -381 -584 -708 -359 -60 -198 -328 -60 -86 -24]
[1261 -181 1197 -267 -470 -237 -270 427 -975 -1080 840 538 567 -195 -1 747 205 -388 1395 222 478 -996 -1299 713 270 457 -879 -1237 -952 -528 113 339 -1024 479 1241 1384 -398 221 454 1615 -768 -541 -955 -961 647 136 168 -360 -697 253 590 -29 -545 193 -177 1213 240 -813 463 1146 -1660 -230 -745 -620 1701 346 609 1432 403 -40 -595 289 -345 -405 -98 646 -765 2101 -172 255 -590 1489 192 145 -1065 -1684 -480 -363 424 221 187 547 -370 380 176 -308 -109 205 70 155]
[630 91 8 -761 -168 719 637 -1957 -193 1211 627 -570 758 102 -366 -704 117 819 -1181 23 -227 758 1334 -1553 -631 627 475 2240 -1379 -390 299 -630 -592 -308 -25 16 2296 -959 498 529 -284 -46 -457 -756 -986 -775 -1054 -296 -595 902 -315 -797 -356 511 -96 -1264 897 514 -306 -606 945 -332 652 1077 -481 -804 -804 -392 -391 1048 46 2069 1141 13 -2632 -299 -391 -1259 -1149 -1173 1026 -1657 -950 -1577 341 -197 -222 -149 -418 -635 -801 -350 61 -250 -104 -293 86 218 -131 23]
[-1208 -406 173 -1161 -1372 -112 -1966 22 785 670 2235 -1584 -530 1465 -50 347 -56 -983 -1261 259 388 -305 -220 -1000 314 -920 -1217 -1553 -1053 398 694 63 762 -109 -250 981 -236 -575 1322 -708 489 -209 -333 -54 797 1335 -332 1011 1072 81 -1024 -202 427 108 299 -657 69 -800 -122 -319 -975 -939 -2112 -75 779 107 -761 1718 650 -822 1234 261 -1551 620 460 -675 548 193 318 462 6 1253 899 -32 -552 632 480 -677 -48 -155 956 399 -990 184 -164 441 -352 119 -23 -22]
[-1004 333 -46 1139 -500 472 802 -1686 -266 -803 2406 -1726 -1832 2475 -822 1841 -1156 -281 -1014 -364 -204 -225 -785 -390 1636 75 -2210 -679 -245 -216 -81 18 1201 -792 142 760 1168 -1490 1803 -685 -1 693 -938 264 -853 699 -132 -683 543 -2262 621 1122 -5 762 -2215 -784 -485 1300 162 -393 -702 -653 -3767 -238 1454 440 -1155 753 -509 10 314 133 397 409 288 -1367 -1040 -758 910 954 625 346 -613 -161 -895 -371 -483 -1546 1059 -923 2 1275 -314 -181 -249 -368 -134 129 35 20]
]