[[182 36 845 408 -25 -315 86 287 135 -88 -82 362 369 -160 -20 105 147 201 -454 202 -279 141 -13 -413 5 189 453 -40 -94 -103 732 -420 -643 246 -4]
[-71 -482 -47 -73 -190 84 -55 501 284 -43 -73 280 192 275 184 -29 302 232 -82 418 -205 -615 189 -597 224 284 407 -1044 -215 -300 63 -512 -286 -225 0]
[-541 -528 -217 195 -58 45 440 275 558 -183 -111 11 -601 77 -219 -165 584 -249 -38 -476 463 -560 -89 57 -278 612 671 64 -370 48 145 -84 -346 193 -4]
[606 98 61 432 94 252 -744 -1164 -482 287 29 77 106 443 -643 -220 -365 -70 180 101 254 378 75 -142 16 85 -145 258 147 -276 -275 330 498 -97 4]
[431 284 9 -600 399 161 -155 68 -24 432 -30 -372 666 -244 871 -124 478 -88 112 236 518 430 17 766 -102 -266 -606 448 293 422 -611 -4 422 -399 4]
[27 -178 270 -204 202 269 -612 -971 -278 -261 75 -182 352 -186 -503 19 121 88 793 639 851 248 -216 705 -225 40 -288 56 163 135 317 286 75 195 0]
[-353 -617 -328 295 11 588 28 720 337 136 -183 -70 522 -452 235 -227 97 408 -142 594 766 -125 -12 71 271 938 512 -255 -285 392 475 190 21 132 -4]
[184 144 351 -128 74 85 -188 93 -124 -735 157 -186 -643 -64 -51 737 -30 77 482 -386 -744 552 22 44 328 -387 -544 -254 951 -379 331 -225 -18 5 0]
[-1 -210 -926 237 -192 205 287 227 -131 529 -56 171 -25 -442 393 -143 -324 182 690 -856 240 4 772 409 424 257 118 74 154 5 -66 392 219 -218 2]
[-211 28 -484 401 -678 -804 353 44 -97 132 277 598 670 -309 186 261 -694 266 -525 -104 -253 396 655 -831 790 -173 -192 -440 -105 0 13 -17 116 -206 2]
[-247 -322 131 -146 334 -285 -284 373 277 -48 -615 -35 286 -161 21 283 72 -597 -628 432 -78 171 -322 417 412 56 -456 -395 68 446 -111 -94 -115 -126 1]
[519 546 288 39 945 245 -226 276 4 26 -66 23 39 -524 -169 452 -511 -452 -299 661 -229 264 -231 448 110 38 18 258 304 -211 371 452 -284 343 -3]
[-644 -58 335 559 -355 -538 44 -794 410 -363 122 272 -165 -425 -521 -234 247 487 171 -612 -46 -247 206 301 -204 -503 267 729 132 -225 832 -482 -448 289 -5]
[104 -55 -78 283 245 348 6 -587 -47 38 112 70 45 150 114 175 532 49 188 -47 784 -535 332 1225 -545 -77 248 580 604 -148 218 549 280 27 -1]
[-1018 -418 191 88 -104 -55 -213 -127 -98 538 126 -546 759 -46 433 5 386 589 -225 267 433 -9 100 359 62 202 -65 112 440 104 167 178 300 55 -9]
[1040 721 -367 81 60 -170 -452 -574 237 32 14 592 113 134 96 -464 297 201 41 -276 -29 357 746 -10 140 -175 222 -582 556 -721 -478 -808 387 -682 12]
[-303 -185 110 -307 263 -300 -646 -446 119 -133 781 696 357 -187 -521 495 -114 309 492 72 -726 -321 530 -272 500 -153 -46 -587 -411 -773 225 -417 -484 76 -6]
[-196 -196 -548 321 -1 660 16 200 199 8 284 -362 -504 -121 -139 204 133 -52 294 -775 92 303 402 -461 -253 635 304 434 -177 271 160 148 896 -175 25]
[-119 -499 -293 -205 -144 382 -447 -65 60 23 -88 209 -644 -366 -227 -578 -214 58 628 -733 -719 -430 119 626 902 195 -122 -339 58 -492 133 -145 230 172 -28]
[-662 133 -243 124 11 381 -127 247 107 -836 -128 10 -670 -187 -161 -263 -452 794 -84 20 -252 637 -73 520 202 -186 -756 -217 159 208 -144 144 315 44 338]
[48 422 -108 -32 51 7 229 142 -181 109 -1024 155 12 -324 388 208 37 -239 358 127 48 -559 408 757 -356 -634 -326 48 -214 158 -99 308 -71 -862 1]
[-6 -38 -161 -58 -520 -127 -320 -379 -188 5 458 -550 -960 353 -488 23 167 -297 -146 -152 9 -189 -712 -548 -403 119 256 -340 318 -772 -231 -194 23 493 6]
[256 108 -76 170 330 -50 734 -204 92 -225 380 543 -403 161 -315 251 -426 365 -240 -86 66 436 369 39 -261 28 451 743 -506 279 450 364 -33 289 89]
[-150 -291 -162 141 -358 -55 -256 44 -253 215 29 503 132 267 -353 -238 -203 435 124 -423 -737 -766 20 83 -722 -345 -182 432 -277 -157 163 99 -172 -127 -28]
[-311 -142 -340 4 436 645 195 43 558 -230 855 -281 -826 257 95 208 475 -481 -87 -720 -781 -553 169 -891 -115 84 350 -153 -245 -380 -315 104 -6 155 129]
[240 7 -515 656 -80 277 157 359 348 68 173 -13 -197 -941 387 -113 -51 127 133 -621 216 234 215 319 826 18 -225 177 317 136 -471 431 26 -547 -107]
[-400 371 -30 293 437 -57 219 289 445 812 -314 -130 302 -101 -22 -598 -130 -751 -784 25 -168 171 -730 -268 167 -29 371 831 -76 94 324 183 -574 381 -45]
[-314 112 -145 173 -108 228 103 -298 -417 529 41 -374 614 -571 449 415 486 545 639 -314 231 667 174 231 322 -182 -165 564 139 180 258 286 489 299 32]
[-126 -328 -492 101 -761 -662 -2 -421 -356 136 -185 284 -906 177 -605 -426 -76 -332 612 -670 18 635 450 -338 182 13 181 -257 -483 -110 -549 175 500 -242 223]
[625 -132 300 117 -486 -287 -139 150 -197 -315 -245 139 -56 500 -299 440 -275 39 248 -78 -219 716 -532 -142 -133 -693 -212 136 621 -467 239 -74 -49 371 27]
[-467 78 -167 -845 -193 501 137 184 -418 83 61 -487 -388 103 375 -109 44 -186 289 260 -288 -191 -540 -620 -365 -271 -56 254 -284 -131 -477 194 -139 -235 282]
[580 171 -341 -23 802 -111 -431 311 -221 549 -13 48 407 119 -40 -134 2 -59 526 87 -270 -386 354 366 320 297 38 -664 716 -355 -103 -1 560 -360 35]
[115 -48 238 51 -72 -86 -481 -547 -852 -190 -103 825 438 -116 89 -76 -526 262 725 51 -61 584 187 -104 -21 -296 -174 160 -310 519 519 238 363 139 253]
[-113 -410 383 210 -102 -50 -418 -362 179 -227 -316 94 -89 -88 -1240 461 258 -14 -97 -503 -40 192 -154 -170 639 291 -271 319 104 82 989 -17 250 -9 -76]
[16 -6 -983 -495 -497 -224 -125 284 299 -264 146 -58 -312 -485 334 374 164 -354 544 -323 -493 470 311 349 524 231 -101 -866 -159 614 -510 -183 241 -298 94]
]