[[-630 -427 -373 246 -258 113 110 266 173 -60 -384 124 -216 -208 -200 -350 -114 272 162 240 208 109 -125 -122 349 -250 -9 -327 -45 -406]
[-138 -34 12 -622 -22 -646 202 -576 -384 38 -264 -441 457 255 -42 246 -85 -97 -140 -304 210 266 218 155 -153 326 -207 -135 -10 40]
[601 -98 329 134 412 -36 240 826 45 -301 237 100 -269 134 -437 187 -294 112 305 159 -373 371 -39 -64 -320 39 291 297 -305 377]
[185 308 -19 219 332 447 -47 -40 289 -148 338 403 -755 57 -664 278 76 602 -447 -218 -386 399 -248 173 -228 200 340 -141 -204 -22]
[-278 -123 121 -494 235 456 108 287 77 43 -190 -178 -199 182 -761 34 77 295 -162 -776 363 318 517 292 -361 59 -460 -49 -136 18]
[-254 110 257 340 -290 92 796 5 314 -326 189 -196 -300 288 -166 36 167 -98 256 425 27 769 -319 15 395 243 205 142 -223 -75]
[-379 -558 -401 11 357 -454 -161 217 -451 182 -258 423 -80 72 -39 33 -351 428 207 660 -362 313 166 -255 178 -193 -302 24 415 45]
[-614 -11 -414 292 -17 -173 291 -358 -250 345 -310 83 132 -283 -95 463 -207 269 -423 -232 -387 389 286 -465 153 301 161 -118 457 -173]
[558 -78 -106 206 5 -344 406 -145 -97 -533 -377 -54 -404 -97 -359 -320 157 17 267 259 116 154 -143 182 -154 203 -144 -573 -634 -357]
[-45 -210 604 -405 309 -488 327 329 -270 172 445 164 -298 227 52 85 -91 326 -114 457 -78 -182 54 149 -490 -49 -302 250 65 189]
[55 -252 -328 291 -324 -124 -116 -394 -5 106 -470 83 699 -527 351 208 153 -11 -9 -321 361 98 824 150 13 -422 -449 -95 31 -473]
[282 -692 180 -102 -217 -455 -603 47 -273 -20 -241 799 125 244 -245 -379 -343 -86 106 248 -33 474 84 -83 42 -349 -397 291 -66 73]
[351 59 299 -17 108 -246 346 -394 5 -753 81 -158 372 -213 -526 293 -35 -606 -73 -444 -100 726 0 92 292 653 -493 200 -247 -202]
[-287 3 186 414 -606 310 151 216 349 298 -834 -86 94 -380 92 33 740 -555 464 28 301 179 557 -4 248 -224 35 -95 -123 121]
[348 1 59 85 415 53 65 -60 244 257 246 -106 24 141 -66 230 -15 -389 -4 -86 -170 620 -439 168 -256 69 922 -371 -310 367]
[-206 -196 -142 2 81 -213 266 529 -21 -74 -21 -84 -65 -626 -536 530 409 543 370 -88 252 267 327 -145 -315 46 74 394 102 48]
[-259 263 -274 -123 -540 447 374 338 -201 449 -16 64 111 103 -7 -428 486 -588 82 24 -129 183 596 -109 196 274 -592 435 140 529]
[257 -196 -372 -699 190 -59 -354 -27 -544 -236 -35 -106 210 -22 -352 207 -183 450 -218 454 -135 542 -400 226 -122 553 -8 -487 -294 351]
[313 -143 308 -311 161 158 -500 196 2 -7 158 -706 -12 -156 -241 175 -299 70 467 -761 -224 -424 -448 232 153 180 -70 205 281 234]
[-619 319 147 310 488 399 -50 -16 -64 98 373 152 314 -62 -61 124 467 -86 -327 -433 177 200 716 336 79 -161 263 -107 216 -48]
[-303 102 662 -156 -161 55 578 112 -408 439 314 -428 50 268 -3 179 -295 472 307 -414 87 359 744 102 -192 -135 189 793 -323 -176]
[177 442 412 -443 -370 124 -203 -31 198 529 59 439 -94 164 -194 -492 44 -528 459 -99 -122 -382 8 416 322 247 -213 -344 -57 186]
[-48 -391 296 -501 760 -176 -334 -136 -70 2 -498 -400 406 -136 297 310 -78 240 -298 208 287 292 744 251 -343 75 -6 462 -156 86]
[3 -257 -30 135 116 -42 266 385 449 60 56 374 -201 -74 -109 190 99 -118 191 26 103 -10 -204 -153 648 -46 362 465 349 550]
[-363 -320 185 -276 108 -400 294 -261 -298 339 -111 379 -104 85 20 -391 -576 -266 262 179 3 -150 188 -539 219 -426 40 -361 200 331]
[202 569 750 288 -226 -180 -21 146 132 -4 -157 51 -133 -293 459 -287 36 -3 -580 260 -13 -153 -35 -733 31 345 325 -153 231 103]
[-246 -770 418 -274 88 -321 -296 479 -157 214 -11 -346 547 -208 66 -445 136 7 -224 -432 220 -183 450 -401 -327 -309 151 -195 163 -314]
[-49 28 425 -171 182 -319 379 958 111 -410 322 -323 627 -139 -186 -385 276 156 71 141 -205 -130 241 64 -271 -423 -364 198 -82 480]
[276 432 164 -201 -192 -17 527 -519 -545 -635 -75 8 53 -236 289 629 -176 266 -337 -182 -277 594 152 44 326 257 226 -183 -171 -502]
[234 289 -181 187 338 628 -313 -164 168 364 211 -80 -695 296 -171 234 194 -288 -144 392 -321 139 -50 442 319 -279 -253 -497 528 84]
]