[[-131 145 831 40 42 -129 -6 -222 193 403 257 248 -152 -72 622 -415 -584 -528 523 65 -348 215 -769 -346 -158 48 -418 -442 -159 126 -438 -325 143 110 -171 107 438 -122 294 49 191 84 320 56 158 224 -199 -264 -17 -2]
[364 142 213 304 786 -923 -71 123 -7 -81 323 -436 63 209 344 279 10 -287 -324 267 -17 327 -901 239 328 190 92 664 348 -254 -5 340 -833 -157 -477 561 -82 -41 203 271 612 -458 -130 -26 383 16 -252 -75 0 0]
[139 -554 242 296 66 -1423 -342 635 31 -280 -254 -340 208 356 507 347 632 -202 -268 485 337 -300 0 -426 177 75 414 838 8 367 146 10 348 -206 -616 -377 334 -623 -48 137 -35 144 -146 496 174 -204 482 198 -16 0]
[-508 37 -219 -477 -251 599 -142 -535 743 575 72 -316 -269 832 -249 236 -592 -406 950 -144 -6 -220 -406 253 349 263 -480 -497 -54 -432 -306 367 -497 -336 -330 196 -118 483 -177 333 40 413 95 -388 -82 365 -409 -354 -6 37]
[-677 94 227 -317 144 -99 -43 224 20 842 30 101 516 232 248 85 -211 422 484 -327 185 -237 -141 -352 220 -1019 -283 -18 160 313 -404 -75 423 -225 -586 273 680 -224 -490 14 97 774 -493 322 -81 -120 -308 170 7 -17]
[-560 -361 11 308 241 -804 -140 338 -33 294 -638 -550 756 660 509 -154 376 -174 -588 97 -31 299 -107 599 37 -443 277 984 193 644 123 239 220 -68 -788 508 493 -252 -654 180 444 -88 -194 394 246 -101 -245 26 -561 -31]
[61 -161 317 258 -477 -717 -337 -263 1075 -104 -133 -763 290 1255 61 610 -7 -454 -189 335 130 120 -13 240 -331 585 265 -550 -788 304 466 -244 72 -232 -531 -494 267 184 306 -40 -321 -273 -199 141 376 545 -19 -332 -62 52]
[137 -720 -22 251 -359 -233 404 409 -223 -179 -909 -377 -475 -261 700 -456 50 -342 -346 868 179 61 -399 695 436 343 106 247 -280 152 -37 595 252 92 56 -428 128 -99 -12 -556 47 -100 907 -60 -265 236 591 352 6 -37]
[252 300 612 -182 317 -924 -253 -158 -654 -330 480 32 -500 241 16 -527 334 -548 13 512 13 6 -261 -1156 459 950 -2 1138 -46 366 -180 -131 -291 -36 -214 -541 -113 -475 -11 796 239 -82 729 196 781 191 -177 -256 16 0]
[673 -20 308 -496 -284 -618 204 -265 -163 -453 450 -34 522 445 -396 750 154 -149 -583 312 673 106 519 47 -11 388 360 101 -601 207 214 194 -373 -117 330 -615 -97 -163 -154 -225 -652 76 381 793 -79 489 97 10 357 5]
[412 645 -391 382 -117 14 29 161 -800 -427 484 -97 -309 -108 -501 -111 42 509 -43 584 522 -331 -84 -152 344 538 126 -284 -275 -64 -380 -279 144 192 272 -480 -200 790 -137 -281 589 -371 -206 -555 1 -159 -257 -140 297 15]
[-415 5 454 -130 -699 90 120 -837 94 -158 378 73 -677 238 69 -630 273 -66 1038 468 -586 -1019 289 -903 360 958 -119 -62 65 -43 -209 -580 -20 -227 269 -452 -388 -528 -184 288 -109 291 408 -126 96 -148 -602 -372 -78 47]
[873 -335 -360 -5 367 -290 -382 519 536 -654 139 155 611 5 -194 1226 -67 -416 -264 -340 367 -245 -12 -370 63 -77 -146 278 430 -203 -48 56 -622 -144 432 -260 394 171 459 -151 134 -297 206 222 334 40 300 -260 358 5]
[-268 -112 295 -88 -116 92 -634 -121 323 174 -541 107 -747 -219 -13 -277 -468 516 -18 -847 347 -259 346 429 -315 -1092 4 -651 -165 -186 230 97 235 -176 -107 58 23 -150 156 -656 -672 646 -944 -13 -456 -98 193 684 270 16]
[-1 63 864 12 -250 -345 -265 -165 -163 267 -196 512 123 210 427 -101 80 -30 86 -265 -358 -721 456 -890 -161 -285 329 -129 317 11 -497 -670 28 -227 211 -179 413 106 11 -476 -367 197 -364 317 331 -765 -729 -785 81 50]
[625 -276 -191 232 123 -408 241 146 -354 -283 102 -39 96 -832 144 -832 -131 504 76 308 408 -310 -106 155 -107 -302 -161 638 60 329 -470 -432 -247 142 145 113 140 -324 -129 -670 878 194 542 408 -267 -569 -30 460 193 -35]
[370 663 -126 -726 290 519 140 323 -289 455 197 184 271 -140 -492 352 54 614 -127 -607 -485 75 654 -587 -376 -450 -49 -640 -341 311 265 -959 78 123 222 -626 202 618 374 -43 458 -37 173 -33 498 -545 -341 -150 471 26]
[275 193 -734 -464 -101 65 -250 137 -460 -43 -645 -647 -856 -333 -102 -615 205 43 -150 -687 217 254 187 422 354 146 -27 458 229 181 288 534 -276 -128 24 -234 -221 486 -498 -41 305 202 293 -627 -91 -373 -257 328 282 2]
[323 -283 -162 -561 -25 75 195 -289 794 21 235 -77 225 247 -597 238 -429 168 -168 -468 348 526 59 -363 335 434 -496 -411 -413 15 245 122 -279 3 376 -134 -291 460 -77 163 -572 -176 454 287 161 717 155 81 453 -22]
[-328 450 440 -190 -58 -266 149 -527 -702 -7 184 94 -628 -498 -161 -510 120 813 258 -659 -229 168 183 -165 154 180 -205 -559 -296 297 66 -311 882 315 490 -297 8 24 -502 305 -68 158 -361 -503 488 -77 114 376 110 -2]
[-349 260 99 339 63 253 -494 6 670 580 -628 57 195 718 464 -623 -197 -277 -52 298 337 671 96 -408 -239 -320 106 388 -66 155 -152 -353 112 -166 -539 -192 74 240 27 -9 31 219 51 7 564 -13 -92 -374 28 36]
[458 -589 -429 -2 287 -43 366 445 625 -178 -518 -116 60 -525 251 -348 -131 -86 -233 -113 -343 405 -380 188 36 -248 -427 11 496 -247 211 465 -785 -22 -272 671 -133 231 677 -126 141 -387 44 -484 -157 103 -441 -158 -332 116]
[297 245 -472 98 383 540 153 -197 179 -73 -39 -163 1148 123 -371 870 -134 77 251 -177 -223 186 -379 623 578 -223 -314 126 307 -134 -142 298 -530 -332 -517 1055 327 55 -40 136 235 73 -150 -35 116 222 -432 -177 -387 -2]
[-143 96 335 -349 -485 164 411 -324 -261 -297 206 -163 582 50 -95 496 231 -147 149 582 -148 561 475 541 80 10 269 -1002 -984 459 411 134 341 166 82 -593 160 -721 277 -507 -104 -74 373 307 -287 495 677 408 258 100]
[-12 -158 865 339 145 -737 493 190 -136 -231 -591 -584 152 -324 802 69 313 393 45 370 -802 -310 -601 238 33 -913 -52 -143 156 379 -283 -223 100 404 -512 41 822 -192 677 -502 521 -104 42 -191 343 -394 -167 151 120 49]
[150 -304 212 1102 23 -890 -330 -264 -317 -96 -146 393 118 -379 757 -1461 70 -788 83 423 -487 97 61 87 -62 457 258 311 -43 -81 36 -540 112 269 -138 560 -705 -552 98 61 349 -554 -91 -75 -562 -587 -132 -371 -524 277]
[-193 -419 -264 450 -219 -96 -66 -148 -161 -779 -179 -373 301 -377 -32 -67 652 -70 -180 -501 -636 -80 208 -396 368 373 63 278 402 -56 842 220 486 64 83 242 -714 -765 253 429 -126 -380 -182 -9 27 -42 350 448 12 -226]
[143 -311 751 96 189 35 40 -278 415 -282 228 53 -80 -423 -20 360 -333 119 144 -368 -414 -616 -664 81 -361 -628 -368 -16 367 -591 -435 1 -730 -263 659 765 106 -49 743 -1 299 241 8 328 213 -71 -322 -343 140 -271]
[-180 -76 -549 267 47 481 -699 119 879 -187 380 213 -667 299 -366 -268 -655 -700 765 427 223 -88 -267 -84 -598 329 -476 -524 105 -364 74 -287 -469 -206 -69 -38 -96 366 564 237 804 -103 -285 -793 -298 102 230 -928 -30 538]
[-84 543 -41 307 -228 478 323 -127 -568 -158 651 837 -779 -770 -77 -514 -509 -782 -370 69 358 578 -366 68 -734 114 -135 15 -69 285 -115 239 481 304 692 406 27 266 -54 259 -457 -205 467 -71 -854 359 289 57 -408 111]
[679 -307 296 -168 -258 -353 -396 -136 -25 50 45 452 601 -161 63 414 340 -661 92 -221 61 50 157 -649 -529 195 248 -486 -95 25 138 -515 188 -170 -59 160 -419 132 405 127 265 -76 -19 638 -682 -861 139 -478 212 160]
[380 -637 -134 693 -217 -315 108 895 -244 -117 -642 239 573 -169 70 -109 155 -642 -719 383 -344 252 214 199 -148 -48 541 -184 -796 392 295 -3 915 -192 -55 -92 334 -171 177 -186 -353 -368 -29 71 -642 258 685 419 -199 -85]
[-72 59 278 314 -403 -210 -1 225 -222 -268 389 468 -362 183 432 6 9 -949 433 530 -210 -489 -97 -1127 -404 673 -32 -1 -350 -28 -488 -92 500 66 416 -430 -181 -356 -85 710 192 178 -136 228 -69 242 114 -380 -182 -335]
[437 -533 -291 93 -51 -204 -156 167 25 -108 201 -495 387 -139 210 523 899 -397 -231 192 -749 -28 161 370 136 136 582 99 318 -214 765 130 -254 -631 41 250 -278 -637 -172 -30 -414 25 44 -36 -332 -381 48 148 -41 -209]
[-159 170 -240 -562 72 150 325 118 374 250 16 -467 -149 901 -440 389 -346 457 -398 314 162 428 117 127 -116 249 158 -38 -902 -666 223 227 -538 -69 -442 -405 -647 453 -390 124 -102 172 436 465 -22 507 92 -78 729 -1]
[-584 815 327 334 636 -213 556 -320 -510 216 1193 -338 895 55 -309 -236 -148 174 -11 682 -463 36 -487 -134 -418 -268 268 303 89 486 -164 -557 -215 439 -373 583 -103 -175 -248 385 11 -661 -810 79 215 401 -581 36 -259 206]
[48 304 407 544 226 -310 -256 317 137 337 117 -642 544 283 351 80 287 -281 -711 47 -549 340 -578 60 149 -142 -612 85 292 553 193 -248 422 109 -99 479 833 204 15 295 486 -474 110 -78 281 496 -75 13 -79 -207]
[377 270 72 258 207 -666 -476 -540 456 469 616 120 315 1100 49 520 -332 -645 414 -157 623 254 -357 -376 71 -365 26 -254 187 -424 -647 -188 -276 -415 -674 206 -144 -4 4 39 40 303 -886 282 138 -599 -842 -219 113 -51]
[-721 -397 -241 72 -217 145 -666 -445 602 -227 -255 356 -353 181 -128 -593 -123 -319 688 242 -798 -337 295 97 -787 -134 -331 -735 82 199 -286 -886 -87 179 211 -296 284 -62 -325 -333 977 122 -282 76 52 -359 -445 -500 -270 324]
[-545 368 -514 -316 440 -245 -246 616 -745 487 500 367 -89 235 -242 -360 -386 -14 -12 -118 191 -48 55 16 362 32 -265 369 159 102 13 467 281 31 -539 -166 -105 -177 -504 769 860 566 -93 -372 -119 297 -406 625 301 245]
[-560 -101 7 -34 -562 -221 -601 -446 -31 -7 -148 -236 -352 475 -262 -523 -333 379 3 447 174 -908 175 -247 6 392 63 -341 -508 -98 -11 -537 163 239 -340 -224 -598 -175 -650 -267 -258 769 -109 428 -185 -207 -206 132 436 -6]
[-148 -347 378 456 -426 296 -1053 -96 613 -831 -207 594 503 255 -112 -97 65 -347 -156 223 295 -307 382 -548 -297 196 -60 -900 -354 186 -338 -453 376 32 -23 -786 -285 -16 33 -474 -224 -165 116 317 197 429 5 13 97 -130]
[131 -515 86 -296 87 -951 36 281 -772 201 -681 117 -50 -3 253 -729 532 203 -1053 -234 491 84 195 344 219 -420 -116 1512 266 514 -115 178 -207 -83 -66 -266 120 -334 -293 -302 -131 128 506 319 619 -259 23 242 -464 -323]
[-305 221 -203 356 -423 -318 -515 36 119 -106 59 -122 -190 180 310 460 561 -256 -208 621 372 113 185 -482 -355 62 368 -515 -263 120 653 -413 398 -61 -619 -426 -333 5 398 353 -460 -188 -210 -377 -288 273 906 -139 -258 693]
[-436 78 -67 703 48 -501 -912 -54 -27 -102 -533 -202 -262 77 677 -107 -134 -640 -477 -508 -57 762 -482 451 5 101 317 -392 269 -83 225 -34 488 219 -382 47 -637 386 131 377 50 -833 -310 -255 4 -573 13 201 -358 81]
[381 387 194 555 -88 -190 336 -70 369 -229 -28 314 394 -47 -67 -49 -54 491 -331 316 -204 -121 -77 -553 519 308 -139 -665 177 -37 173 -531 357 -438 440 -51 -205 193 -3 -223 48 -108 -408 -455 -237 1 -373 -82 -146 412]
[414 162 -83 323 -10 -190 -305 104 367 198 -137 -771 -629 -159 -101 -210 -47 487 393 182 646 -861 -146 444 316 235 363 71 24 75 297 177 -170 -750 -698 193 -11 -289 406 29 -240 379 -238 -429 -404 75 -374 243 70 -315]
[-562 9 -429 -254 -216 732 199 -130 423 151 335 49 727 887 -846 766 -254 -39 -319 -358 515 446 836 -67 123 -52 -188 -19 3 322 -370 506 146 290 258 -347 -19 821 -558 237 -605 -410 -479 -193 -60 234 50 -556 74 152]
[-498 640 102 232 105 -252 434 -283 -435 -17 277 -839 369 290 296 401 688 558 -7 567 104 -124 -687 948 801 191 -224 -15 -452 304 -111 208 676 -361 -648 172 544 -325 -142 174 483 -310 -28 -377 243 416 -346 28 -20 29]
[220 33 -208 -336 109 62 186 466 -663 706 -365 -144 -184 -104 -39 -30 -176 -5 366 490 -22 -239 -608 -608 641 172 -425 -189 -207 525 -1090 -48 464 12 426 -393 696 517 210 -148 155 518 747 -333 187 178 -62 -361 181 50]
]