[[216 -664 -592 -84 -411 45 -933 563 -64 579 94 145 626 -309 545 -306 -72 439 -522 280 669 -134 -519 -6 201 -238 -680 217 284 -342 988 -297 268 351 412 -156 527 -564 -11 471 -910 682 21 190 -96 539 -198 63 396 -273 60 -265 -312 541 -123 -446 -398 -65 -371 365 -188 -238 -157 -1 0]
[408 465 -473 -319 964 80 364 257 128 -333 -232 50 472 54 46 -426 -106 794 -494 -151 1129 -301 -279 -596 230 -536 967 -395 592 37 193 896 -858 737 331 -71 -64 440 -201 -349 -20 -321 -1005 -217 -9 -576 511 -767 377 -89 339 118 -964 436 -928 -418 -280 17 927 18 478 230 230 -18 0]
[445 -67 -60 -635 447 57 1105 -366 859 237 -220 875 -519 -518 543 -171 -102 340 -35 -367 762 -1463 -474 -713 938 353 703 -523 -15 -51 -192 517 -478 466 -190 244 -453 -96 -435 27 446 204 -746 -7 -275 -1012 942 -206 -523 354 896 389 -65 -463 211 -681 174 -213 256 -199 123 177 233 72 1]
[-264 174 -610 -348 733 240 -473 -144 457 363 417 265 314 -696 816 281 736 1639 -1071 319 68 -104 -112 -529 538 -584 223 -612 -100 -369 -243 -383 100 110 471 -303 104 893 202 242 -612 320 -787 336 -939 -469 801 -321 -163 -692 714 413 -855 168 158 -757 -755 -37 2 -456 683 -87 222 -18 0]
[-394 -41 921 -362 51 950 -203 -499 616 380 200 -171 -493 -1752 -312 -462 475 209 -411 -532 -2 -502 508 -932 249 62 71 -371 -432 -330 732 -381 -118 577 -190 -1203 -553 -112 391 378 -618 -616 188 484 -1013 -278 485 -235 54 260 631 453 -85 -654 130 96 -866 -346 -966 -204 606 295 0 0 0]
[174 837 521 130 460 -742 774 547 -305 -15 -316 414 -204 738 -389 654 710 -218 -466 154 -1097 1141 -2 308 -619 122 -139 -130 -666 -165 -627 -967 217 -1081 -653 987 -75 737 325 -281 -229 -78 197 539 -766 391 -724 -647 -1066 -1193 769 694 -124 147 381 -455 260 553 -40 36 -484 110 157 1 0]
[-557 -575 1031 -413 -613 -103 144 810 572 403 36 234 -415 -725 731 -693 -595 -41 -39 -5 525 -424 -1093 -782 156 1177 245 425 -389 -358 -102 -352 652 -1042 135 845 88 225 -267 74 -637 -141 13 1180 -351 79 -260 139 20 765 1143 -72 581 45 149 90 -451 29 -480 149 398 269 0 0 0]
[125 -452 -388 -65 -842 407 -988 517 -839 210 69 -330 -192 12 691 -1064 -876 -795 1112 863 172 743 -673 435 30 95 -799 1178 -271 144 -799 311 922 221 -154 352 82 -17 -318 40 -227 -34 774 649 1522 -160 -220 460 -11 461 -664 -166 -74 917 97 742 34 -70 393 344 797 -191 -206 18 0]
[348 -1010 30 154 -207 -104 -572 7 828 4 225 122 -440 -1045 673 -37 -431 -562 210 475 282 656 -54 -602 246 91 -277 -101 568 -172 400 -843 66 1241 -362 -1 -758 104 -326 64 -454 69 -65 49 124 -851 303 369 -183 -302 -392 743 -567 -24 946 -383 106 -329 176 -593 446 -68 27 90 1]
[535 -91 408 601 -97 -655 383 914 319 -761 364 -940 -240 707 -431 677 -359 269 48 -98 21 508 397 168 -741 736 1219 -446 358 -1237 -271 -305 -338 -636 -444 878 127 1031 70 -1294 211 -447 -719 -382 -281 346 -1234 -471 6 -871 -5 482 290 -456 -643 355 -738 -231 -130 -339 -441 454 157 1 0]
[40 -905 -433 -100 -674 595 287 703 158 102 -276 198 -611 77 -246 -735 285 203 118 -235 463 -893 441 716 -331 729 519 -124 218 -143 395 -456 -507 -219 54 131 736 -432 343 169 771 221 213 -837 750 294 -944 168 -119 930 -169 -607 885 -278 -150 622 -672 111 -49 -490 58 113 0 0 0]
[-115 495 -1635 312 178 -512 953 -369 79 -312 195 72 -5 415 -485 1029 951 289 -838 -210 -510 22 1047 1269 -244 -299 -549 46 24 263 -226 -351 -257 -508 360 319 535 396 -206 -188 704 -12 -339 -907 1153 433 -598 247 -215 -147 8 -41 282 222 -256 629 164 591 74 -273 -291 107 45 8 0]
[-435 -906 171 306 -72 266 -652 -758 807 883 406 -542 -184 -722 333 300 380 -131 -1010 344 -635 515 913 -712 256 -210 -1137 -287 -176 560 538 -1043 867 731 58 -553 -601 -831 -587 -68 -647 488 879 671 89 -492 206 787 -339 -378 -90 216 287 833 1140 147 -301 75 -584 -522 641 -380 -120 7 0]
[367 -86 841 16 255 -254 144 375 -312 -219 -247 -1167 -698 500 -1252 -522 -377 -1125 158 312 -264 707 715 89 -124 575 123 670 720 -544 -136 182 -477 749 -815 110 -525 -549 -30 -826 -836 -552 540 480 234 -236 -1373 -339 -476 -416 -360 1485 278 374 408 1062 57 -56 831 216 -491 222 184 91 1]
[902 43 373 369 -912 -271 -198 460 -133 70 334 -875 -48 1464 -51 217 -452 -791 1180 271 -873 936 301 997 -488 -400 -149 269 -363 214 -889 48 266 -217 -561 -255 -544 -697 42 -975 1545 -411 806 -9 1178 -281 -433 1026 -337 33 -1340 -1080 77 72 -285 343 -58 -354 -258 -640 -402 -198 -257 -72 -1]
[437 -734 -214 -402 25 -663 -262 1129 694 -393 -248 89 33 491 55 -585 -209 317 -538 12 598 264 -36 -569 -159 -30 503 377 675 -479 535 -111 -945 1136 544 166 -223 -982 405 -234 -233 609 32 112 557 138 -566 15 -122 -575 -717 -131 -383 629 -272 -608 308 -49 225 -392 -1193 -281 35 183 1]
[246 -379 -565 -44 712 -311 214 -207 1012 128 -149 595 245 670 1154 936 171 533 -483 546 -489 -505 -122 -605 530 698 461 -571 -298 -585 -120 -271 99 387 -96 879 -198 263 511 -264 -488 852 -371 272 -1312 4 110 207 -859 -1521 -480 483 -103 -140 570 -1127 101 228 -342 33 -873 -397 65 162 -7]
[-513 524 346 -87 448 327 976 -233 587 -10 43 52 102 -428 1013 374 -559 -355 -251 -681 -252 312 -160 -903 -50 633 -107 73 -1257 232 -979 -3 958 -235 11 994 -1251 880 -726 -485 -192 -614 552 1175 931 -639 1079 718 -442 -789 210 573 -256 339 386 -242 175 219 -336 -130 491 62 -339 52 0]
[96 583 57 -1232 452 -548 -465 582 497 137 75 152 450 -960 421 163 163 771 -793 302 -176 -399 -930 -935 1039 260 19 140 -119 -502 -183 519 -955 484 263 -358 -507 122 426 453 -635 -355 -942 859 -1457 -233 291 -162 -78 42 491 -49 -327 -714 -301 -231 268 -361 -219 230 -141 150 70 72 -8]
[-591 299 -849 -422 695 221 77 -198 124 364 -280 677 168 467 1040 217 425 366 -367 81 -671 164 180 -296 519 605 -1059 352 -638 898 -1257 -381 120 248 123 817 -170 -312 -177 204 -528 543 539 949 495 246 776 236 -1253 -62 19 76 488 627 916 656 519 717 202 576 90 -442 9 141 -8]
[449 314 -1167 364 629 -692 -449 -248 -312 -36 679 -229 945 981 125 492 -461 272 143 248 -62 925 49 384 142 -1678 -592 155 146 707 -200 337 38 64 153 -455 80 -389 -111 -683 464 522 63 504 833 -71 1183 -126 262 -320 -440 -51 -1405 863 52 -184 217 -200 343 -76 247 -506 244 70 5]
[-547 784 708 -1007 621 -12 -197 582 351 563 -483 532 1082 -584 88 105 308 1128 -1145 -776 590 -436 -367 -1529 1083 347 279 -173 -469 -369 583 453 -659 -145 952 -389 -31 -310 688 139 -1394 -289 -34 1733 -1173 317 878 -371 612 -38 1125 232 -590 -329 -340 -653 -284 -683 -301 583 -42 -254 65 130 6]
[-448 495 41 542 211 454 1096 -98 211 -385 -312 355 286 -149 -106 -204 296 -581 -274 281 106 642 301 44 -756 -150 298 -339 240 529 599 482 68 -487 62 1243 -156 1137 -179 311 41 -840 -168 -585 42 -491 -179 54 212 -438 234 310 -521 226 -340 -347 -716 995 449 -148 416 506 -181 -157 -1]
[-734 279 -215 -97 318 -313 1486 118 761 353 -370 830 241 383 -456 -274 630 12 -1217 -78 747 -1023 132 376 471 568 474 -139 107 588 354 541 -580 -413 566 841 129 232 -285 353 147 -508 -662 513 128 -946 230 598 431 909 946 -242 191 238 77 -295 -231 508 1023 -694 691 96 -50 -74 6]
[-319 635 -465 -61 -1300 330 78 -1470 -521 522 314 394 -5 -1181 -171 393 726 -338 373 13 -519 -220 302 -56 759 -268 -1587 -459 -1163 440 403 231 377 -237 -45 -652 -654 -443 -284 905 372 479 341 145 -493 -339 797 611 -75 599 872 -224 299 -391 284 -12 450 -562 -798 492 525 -10 -157 -94 0]
[801 -269 81 -90 89 -1006 1849 543 195 -241 -704 -21 -261 459 -483 -107 -316 -245 411 -120 655 -196 -491 -948 358 366 485 -260 -195 417 -7 243 1 -750 -350 1180 -171 228 -1334 -1115 1504 242 49 35 608 -367 151 -840 -713 314 1271 355 331 580 -437 -324 531 151 287 405 96 379 259 106 0]
[435 -661 582 -54 -336 -611 -152 -498 -110 -133 -393 137 -422 265 -525 333 -464 -520 403 -42 -253 -711 203 28 82 599 -108 32 -479 -1035 80 -235 33 -247 -572 669 42 -603 -124 -156 475 1411 712 44 -198 130 400 -252 -610 -1287 -137 817 568 -1123 1068 -1101 996 -191 -447 -135 -1407 -736 -410 217 1]
[157 308 371 122 -113 1203 -187 -77 212 -212 -33 24 -1053 -969 243 -689 40 355 90 -927 447 594 557 -482 -763 58 541 -1109 -224 -780 294 -1037 -4 277 -744 -210 -301 961 -192 -271 -121 28 35 -6 88 16 286 -1093 -924 -824 1209 924 -445 -16 150 -55 -1389 137 -247 -726 989 114 94 -259 -4]
[-460 -652 -425 146 -355 -989 149 200 776 517 789 116 -215 -208 644 484 -279 674 -315 99 -228 -211 -607 -191 323 -126 -308 395 106 -91 -475 -98 -23 -516 123 478 350 -69 -294 43 -9 1035 -495 892 -177 -58 -108 -32 -247 134 858 -61 520 290 659 -401 -9 -255 -271 -734 -29 -399 385 81 13]
[-312 93 599 711 -214 365 -760 -393 77 -597 428 12 385 216 100 1110 -31 1 291 566 -964 402 568 640 -790 9 991 -346 -280 57 -461 72 625 -403 112 -147 -175 740 618 68 506 -553 -74 -529 -345 -236 537 1327 664 -377 -1107 -490 -78 -807 118 -176 -214 -283 -399 -799 119 -254 -455 307 39]
[-109 162 -660 2 445 264 802 -445 811 -519 304 278 140 -286 57 360 482 643 -575 -525 -61 -496 1385 -370 -86 -171 458 -1013 145 669 119 63 -1732 577 658 -43 -390 52 116 -325 777 -369 -504 -875 1005 -580 126 493 554 397 -524 -178 -363 -1025 43 166 168 -221 112 -1267 1 -38 57 105 0]
[-451 -215 -638 -43 11 -694 201 -351 849 128 768 58 721 -1089 273 1236 -316 612 -260 58 515 -699 -215 86 1069 209 46 512 593 -189 350 630 -265 -475 687 524 335 451 60 -17 -375 -177 -1155 257 -147 -718 1050 953 823 503 570 325 -242 -791 -175 -360 -98 -591 706 -209 -195 50 133 180 17]
[33 -3 825 -96 -820 -1059 455 580 -63 294 -815 99 255 220 -822 210 -190 -563 -441 110 -217 -322 -711 714 111 347 -682 984 655 -30 113 -39 -414 -851 -21 400 299 -767 -448 144 291 119 443 336 -315 310 -766 566 -430 629 1139 -490 453 -145 141 -340 516 441 415 259 -934 29 -168 -210 0]
[47 -595 306 -92 -651 -151 -494 -5 1073 718 923 370 -599 -928 1028 -218 -306 337 196 -521 446 -419 -764 -59 -322 275 -267 518 -804 -505 252 -936 160 -198 16 -164 717 -364 263 131 -539 -179 -694 643 -295 522 309 -5 823 819 640 -1162 582 -524 -267 -335 -121 51 -1486 -299 -337 -173 -215 -174 -36]
[-421 -399 250 -320 -536 1112 -189 -2 50 547 135 -98 -338 -434 272 -694 484 -580 409 40 -655 -137 703 -702 573 774 -471 -206 -1098 897 -289 -293 -9 325 -636 -719 -664 -271 94 197 143 -367 815 568 268 -153 18 615 -924 830 -66 -326 462 90 288 1005 -434 -125 -692 122 871 -133 -2 -54 -6]
[-881 -435 498 -489 -204 315 -557 -495 513 231 0 373 -303 71 596 450 240 543 -117 -47 -883 -113 269 -64 339 87 -102 15 -250 178 -448 -842 225 -238 337 -741 167 -355 525 233 30 441 745 77 255 52 603 919 -196 68 355 518 256 -305 1450 -592 368 -239 -59 -812 -833 -686 -76 -231 -1]
[244 -148 -54 -231 -198 -698 848 -381 572 148 -749 -6 7 126 -145 49 444 -571 -177 -647 581 723 -81 -967 376 -575 -579 -291 -44 717 626 166 -95 683 -154 -772 -515 -800 -1092 -283 146 -546 198 -58 536 -304 -108 -17 41 231 201 242 -225 1233 -210 -982 645 -187 78 -21 -204 -287 -57 -131 6]
[718 334 797 -149 320 -185 -214 597 -89 525 -336 115 412 437 -368 -632 169 -63 -507 -201 272 743 -8 -854 15 -572 -349 -304 -386 797 105 -478 -967 935 -535 -156 -689 -430 213 -329 -39 33 783 949 374 -742 722 -803 -354 -809 300 -680 -601 234 -155 -742 350 -662 687 -176 697 -12 -46 -8 12]
[363 -528 162 706 -522 -122 -1233 597 -1048 -140 410 -708 665 535 129 524 -625 -196 654 493 194 500 228 957 209 561 -646 210 946 -811 -597 -2 361 -155 -3 711 717 45 -621 -32 -711 541 144 -552 592 248 -805 -19 646 -349 -650 641 73 -120 501 805 293 -261 -70 505 -192 -375 -329 -175 10]
[532 273 283 -329 35 -416 1289 470 615 191 175 -515 -578 -182 -79 132 -601 -8 -786 -641 791 -780 -1036 -560 301 588 679 -653 -26 -490 -18 498 -111 -397 -55 -24 -420 174 -1043 -1136 146 -333 -941 343 -310 -77 -381 -322 149 -54 1529 322 407 300 -323 324 1 -466 -216 359 51 1039 381 -420 -46]
[-761 -267 862 -65 208 1033 -70 -499 14 89 362 276 17 -1318 -58 140 171 435 -196 -395 169 -909 390 -488 276 111 486 27 -97 -541 161 690 295 193 631 -554 216 -577 219 1052 -744 387 281 -288 -600 -201 652 -429 868 -480 345 571 838 -434 140 -62 87 -683 -818 238 -846 4 -310 131 72]
[92 77 -599 -442 -412 207 198 -186 -342 454 -439 1225 553 -832 256 613 567 23 -314 -277 -82 -11 -20 786 213 -247 -948 -587 -303 -69 618 -1030 138 -391 -448 -50 121 271 -258 1330 392 901 278 -332 -207 -84 527 -268 -313 -780 1028 374 -20 -619 744 -998 -86 116 37 -228 366 -360 -339 -387 44]
[1060 -65 -1032 265 128 340 -455 -208 -1224 388 -2 666 682 996 845 -623 -271 -12 595 474 1043 -1265 -937 566 728 47 -101 -71 -175 -772 -509 1367 422 159 -386 657 469 325 -576 685 -31 24 -539 -859 230 -206 772 -102 80 -933 -753 48 -346 -588 -415 -687 -493 -414 365 719 21 -343 -483 -10 -42]
[-760 -223 -648 -25 -215 -260 445 -146 864 -445 110 1365 -573 -68 659 239 -102 -412 241 484 235 357 200 57 109 -90 24 -198 -648 1145 -539 -1387 78 -415 173 524 -378 404 -124 -23 767 364 -465 243 627 -577 715 103 -512 572 30 -147 -466 233 815 -104 540 351 379 -725 562 -400 426 248 57]
[-1172 -424 704 -583 177 214 -177 362 193 -97 -151 397 316 -849 -200 -678 10 79 -356 664 -238 -324 -549 -251 -265 744 -32 912 -237 -68 377 -532 -50 -375 261 13 -150 960 811 1019 -1147 87 248 1119 -1144 -70 9 139 443 215 596 570 35 -66 401 -466 331 341 384 -24 350 210 -192 274 54]
[-857 -79 706 -256 417 -676 -460 75 877 -652 252 -85 766 149 879 843 137 1135 -445 78 254 111 -420 -1042 678 189 209 -263 1013 86 -600 -691 -183 -436 1093 -510 -253 630 -14 -30 -62 -9 -510 -70 -791 -330 695 390 675 556 -174 -86 -623 -249 215 -508 677 -475 838 -200 -331 26 107 270 19]
[370 -463 272 -288 -783 617 -1106 -72 743 556 49 802 -1065 -790 649 -630 845 -624 444 678 -118 620 -57 290 -369 2 -424 -378 -389 -324 580 -1348 232 860 -547 -1055 -636 -424 591 894 -190 -393 17 -81 -931 -350 -93 804 -154 546 -641 -411 -726 -187 477 -701 -663 301 -578 -624 919 -85 56 -239 -75]
[-341 -798 569 -203 -356 118 -643 436 243 658 554 -111 37 -375 776 -108 -82 989 -606 -338 291 -472 -228 -378 115 334 -340 -795 188 268 -62 -664 -628 -192 220 438 -28 -572 28 231 216 430 -199 59 -104 -506 190 507 -63 928 732 -464 147 -650 719 -148 -707 -520 -234 -1174 520 -44 374 -377 -86]
[-492 -431 815 478 -436 505 -171 456 110 495 -74 151 -14 -238 306 -754 -465 -955 204 -562 725 169 -558 -157 -474 744 -273 356 -35 -111 876 -1078 -110 -117 -770 -36 -192 -521 452 332 -657 -4 908 811 -422 178 148 125 -188 -17 754 -275 -66 24 552 -365 -835 282 -187 396 44 297 -294 -424 -103]
[659 -193 511 132 -785 -197 264 -381 384 -15 475 -171 -549 1041 316 -45 -546 -310 1201 -87 -198 -321 94 253 -202 66 325 183 -886 -571 -646 334 344 -514 -730 299 -318 -1501 110 -995 1538 544 573 317 341 -122 409 326 -911 -286 -362 -598 840 -98 135 58 -38 22 -1391 -195 -752 -381 -528 435 9]
[-409 -7 -233 -260 111 776 -995 -643 -177 190 -12 816 -81 -651 203 -540 106 227 65 44 -370 -708 -57 -100 736 243 -693 -257 -616 -448 -60 769 16 615 302 -668 -207 -249 771 1361 -535 542 817 697 -526 -72 1154 493 104 -125 -527 273 -574 -1566 1356 -232 -42 -888 -936 -214 -352 -192 -118 261 -2]
[473 -162 586 -385 -823 187 -483 311 -477 -121 -281 732 -22 -311 -220 -686 -338 -505 751 -404 -10 69 -233 81 -558 -298 -1119 487 -1022 611 -47 170 -339 662 -862 418 -179 -838 -242 659 293 35 58 -25 731 665 767 -200 -146 451 -209 -792 539 -733 55 -149 566 -20 -673 92 -335 -9 -310 443 67]
[-326 -778 -411 -102 -1178 -593 -557 643 -458 -159 612 -932 -596 3 471 -188 -221 -181 773 692 97 1105 -613 593 -346 155 -205 1245 -74 -1306 -998 -422 822 -851 312 655 192 598 -42 -448 102 284 423 -28 1187 77 -608 977 -160 -313 -485 641 -10 590 -32 -199 306 -262 -33 -3 -505 9 -119 -199 -229]
[631 -544 -200 3 -493 56 -224 83 1171 222 262 379 -578 -265 -124 -104 857 90 -690 20 102 311 752 -5 -722 -209 -1106 -261 6 -402 681 -1256 -252 460 -407 626 -21 -1093 -74 370 416 630 46 -717 -167 91 104 -563 -454 -350 -174 -273 580 40 0 24 -82 384 -1091 -261 -175 168 -587 107 53]
[-245 362 -359 282 145 -752 -158 223 32 -581 -56 -262 549 989 -121 340 64 -354 197 -81 -178 634 189 721 271 -476 -581 310 875 754 -404 -840 -921 514 271 -377 -173 -218 82 -72 725 -28 528 -146 922 250 -129 51 42 0 -773 -183 -354 380 634 -50 759 27 923 -772 -142 -221 211 -81 2]
[-214 -180 -23 -647 533 677 143 -638 -329 -10 554 -508 307 -480 334 108 -935 1296 96 -646 709 -1824 -622 -567 -156 -17 1036 -186 101 -709 -311 1034 -333 55 426 -706 329 -171 -56 -71 -436 420 -828 -404 -187 413 406 -599 768 -97 300 433 721 -361 -414 118 -116 -835 -485 554 -108 -53 453 174 -100]
[-5 95 377 -160 -19 846 252 58 -665 647 -179 -369 -797 68 -472 -775 -171 -319 -68 -717 -42 34 319 543 163 -98 -703 442 520 174 294 -277 457 714 -156 -84 428 -992 -562 483 -291 33 1008 -68 1569 416 -1151 -321 144 362 341 799 655 685 326 1021 -92 317 43 211 32 208 98 -182 -78]
[-213 -205 -431 -293 -135 1311 252 -968 305 389 -344 69 -731 -146 96 -968 322 466 -341 285 -157 -1367 -2 -112 520 58 208 -238 -227 7 -272 275 114 174 176 -855 22 -129 46 153 877 490 197 -433 -18 -716 176 -159 -620 227 397 133 192 184 283 -113 -480 553 -249 268 494 -200 -121 -457 26]
[-24 773 -659 175 -201 -777 100 -482 -328 -300 106 -1204 802 848 -243 637 -290 -99 -279 65 228 -407 281 248 367 154 33 38 169 419 403 1205 251 -94 290 -488 -329 -211 -785 -1018 1023 -219 -481 -379 554 -72 13 290 541 311 -65 -1029 787 789 -1325 783 37 -273 128 450 -118 -55 -419 57 174]
[306 -113 -803 12 18 -242 380 -383 501 647 572 -277 -716 -428 -257 194 825 105 62 241 -917 88 781 -143 869 374 -938 240 -844 -274 -1235 428 -318 319 -872 -261 -146 396 -75 -105 91 -339 27 821 -352 -771 573 -277 -915 86 124 1003 442 -426 722 867 -239 -274 -384 -194 524 -125 169 258 -135]
[-37 576 813 317 780 -410 747 612 -483 230 -708 419 -296 416 -843 153 -339 -1308 95 -424 -377 573 -51 544 -334 -344 -270 103 -51 195 -280 333 -456 502 -623 329 -453 -582 146 271 236 -135 520 369 40 -517 32 -517 -400 -320 -32 343 -18 -58 923 -430 1421 -202 927 -155 -68 159 177 -61 207]
[-214 -18 398 -330 142 596 -1019 -520 -553 149 -362 -573 -321 -572 189 -317 -569 -950 -304 142 -126 -335 -277 -812 251 422 -973 243 -263 215 697 626 944 891 -195 -599 -453 -1103 -97 109 -1220 -145 870 736 329 457 -103 606 486 178 -727 123 408 555 330 607 371 -286 -187 738 857 -138 -373 91 -123]
[-338 -60 32 476 142 9 -138 124 -116 -32 142 5 -404 -149 -653 -34 887 -223 -105 104 -652 1193 1164 413 -511 -689 -598 298 40 243 219 -857 -545 803 -81 -414 -216 130 623 370 -111 -590 454 -391 674 -457 -111 547 182 -106 -1256 525 -423 -208 519 -29 48 -132 371 -1164 -30 -208 -215 40 64]
[465 85 -476 73 -725 210 -570 -595 -420 375 391 -158 -146 -489 1345 323 -472 204 830 431 115 -413 -586 313 413 649 -394 151 -709 -510 -742 383 1039 -1016 -525 703 499 717 -589 -452 19 380 41 280 26 256 560 -145 -591 -157 769 -369 382 153 -321 747 -639 8 -700 1260 850 95 -12 -594 -109]
[709 505 208 -52 61 -233 -308 -148 813 -11 419 406 -524 -1195 564 811 872 -219 -3 638 -1173 602 487 481 -319 -152 -1285 -293 -154 166 21 -1323 -125 -94 -1282 -317 -639 129 114 544 -245 -1049 35 -594 -566 -135 -287 164 -900 -121 319 424 -102 -1249 375 503 -170 76 -997 -263 -536 673 -238 40 261]
]