[[184 -555 94 -133 -552 -167 -42 11 158 -147 132 281 518 -417 -62 -220 93 -218 454 230 -327 91 158 12 -1037 120 183 -569 -547 -395 110 -504 -261 -472 -662 -261 317 -168 437 156 -918 663 -857 -335 -432 242 -521 679 -565 35 243 596 5 -52 175 -149 55 -33 -59 -155 493 -655 -703 -127 -130 298 244 -142 192 8]
[179 -123 70 573 446 -32 -269 522 -122 -108 -13 212 646 1223 -342 -60 336 -158 195 -42 2 347 -623 -840 642 -179 741 100 132 -703 50 80 -390 193 -8 -1036 511 229 -738 -371 715 136 391 296 300 -423 149 -574 1091 -178 140 -469 237 335 -45 -150 -392 -493 -137 147 -928 290 61 262 420 387 15 -125 -1 0]
[116 159 -442 604 502 -491 185 787 423 -254 174 268 501 343 -52 479 963 -362 289 622 -588 -44 -4 -889 41 -843 816 122 644 -681 -387 514 -215 -603 -636 -45 -290 -126 -307 312 -816 303 -803 -477 433 25 376 -510 746 143 -111 1 761 90 425 -317 -562 -160 306 -466 682 -1064 -264 151 -203 -80 -145 180 48 0]
[-653 -935 446 -146 37 798 519 -775 -366 -49 253 -77 -867 -542 81 356 -972 380 -696 172 62 156 -166 831 356 985 -633 44 -16 -32 291 -48 -360 -326 -122 32 -640 134 145 -616 263 -11 335 301 -170 -217 568 -657 -433 -855 56 664 -293 274 22 78 202 592 -163 715 142 1074 514 -232 246 -158 521 346 95 -7]
[655 529 -337 85 265 -1 -587 -572 -86 275 368 -148 1011 72 -643 -865 276 -595 351 565 -446 -760 461 -214 193 -291 -316 -121 107 142 -588 288 -309 546 -270 51 -35 -909 -878 605 14 881 386 -284 524 -134 -808 633 -119 140 178 383 84 -210 795 -179 314 -300 111 -1181 279 -863 -35 24 -199 329 -94 -375 -28 7]
[-1382 -113 245 265 -170 -241 247 690 85 -156 215 -125 461 -182 -116 1101 377 533 683 -645 -39 267 -51 -761 -322 457 -551 -165 -37 -558 72 60 65 -1007 -391 692 188 61 820 442 44 -550 -557 -222 -461 390 -831 -801 -206 232 -87 34 407 -65 21 -248 -1165 833 723 4 29 -464 -412 441 -1 -69 227 2 0 0]
[-20 -719 8 -894 -1394 250 1194 -428 358 216 459 121 -380 -394 465 -347 573 615 55 80 -639 -202 903 -196 -997 568 803 -664 82 240 -315 -604 -57 103 -396 439 206 130 376 228 -122 320 238 909 539 123 173 437 -363 -278 429 677 -625 430 145 132 76 305 497 -312 182 493 -177 -197 -640 -349 -112 -3 0 0]
[882 208 202 240 229 389 -398 -45 -238 -841 672 -908 -781 130 -485 95 64 -407 565 666 -317 -240 -388 546 209 621 -739 977 -211 86 458 542 -441 -1130 244 -801 -610 -228 152 -482 177 323 -294 -413 387 -184 1001 -1208 -154 -113 -80 28 503 -186 300 -369 -217 -347 -102 131 629 -188 -106 19 215 -561 1 185 60 0]
[1230 408 177 -217 335 212 -196 -31 433 -390 518 185 187 1149 358 -268 -8 -581 -395 790 -83 58 25 -397 482 331 49 1233 909 598 -172 56 -556 659 -352 -976 286 -3 -652 313 352 1044 944 18 790 -482 1072 -383 63 648 8 -416 707 -435 166 -112 271 -923 -71 139 -20 -325 656 526 -636 -714 -627 134 -11 0]
[1053 -331 80 -802 -735 268 1037 -23 -196 -19 2 -840 -1790 -351 353 -581 126 945 -142 -5 677 22 -216 -316 164 125 493 -286 -708 409 -19 283 -16 -213 1178 -8 -488 -533 10 -763 27 -287 680 377 145 -337 1215 -350 -623 -207 -223 9 -413 -278 385 -164 3 -102 -404 754 -467 1088 1009 -632 110 -140 -244 142 -192 -8]
[-340 -221 -440 431 -177 145 1362 392 633 -77 -860 287 -544 -123 689 478 -117 211 -594 140 238 -432 85 -772 777 -565 942 1046 816 354 522 78 -154 -86 163 502 -490 117 -326 -457 -1140 -101 -277 715 -542 111 1007 -763 -28 -81 -360 275 354 289 -123 -65 -76 -150 -621 1390 -654 705 641 -698 -586 -151 -416 383 16 -7]
[-590 -323 24 948 865 42 -21 219 -313 -48 334 459 722 570 -164 356 524 715 -327 422 -7 -9 52 -756 133 -253 437 -605 -187 -1034 27 322 112 -547 -200 1166 -53 -671 -746 -149 462 300 -501 -432 225 525 -28 -704 603 -1150 21 -355 -79 -507 193 102 -1139 -66 536 -382 434 285 384 -94 887 590 468 333 95 -7]
[888 459 -368 -266 -208 226 -502 -329 23 -376 222 72 46 -385 295 -668 -142 97 -694 641 283 -272 840 183 465 713 24 -180 -225 550 -546 -61 -305 -114 710 -564 -297 -529 -19 -726 525 1721 368 -557 114 -63 1358 -127 -656 -904 37 329 487 -487 623 370 580 -118 -543 -358 -30 506 661 323 104 336 -31 -88 8 0]
[624 -393 -92 -218 1233 1003 -182 -741 -106 -138 -251 -1141 -410 104 -263 -952 -1353 -1003 -493 81 488 -471 -795 408 1005 843 -1773 959 -33 172 240 204 -854 40 -787 -223 -233 -392 -488 54 92 -279 465 250 199 -204 19 -818 -481 809 -182 84 530 375 844 16 185 269 -1029 1092 -628 35 493 -61 -743 -660 146 15 0 0]
[-1063 -10 597 -274 -59 126 537 -561 -325 212 499 833 206 262 -220 695 -16 -48 129 -106 920 405 -386 557 454 529 -101 544 740 741 321 -111 -312 429 -466 446 -390 256 130 -501 185 -649 454 -63 -577 -275 -875 -137 -175 -196 81 293 73 -580 -573 145 371 104 632 1187 164 126 -62 54 328 -326 -270 -144 190 1]
[409 1137 -607 179 357 -415 162 727 -220 -192 -53 -209 -193 -427 -612 121 276 -659 327 -962 1011 276 -727 -39 765 -1307 -11 -79 -882 630 151 321 300 -498 345 -251 -60 -211 -203 -533 687 -822 -426 -469 -279 -208 -387 -164 -314 476 -73 -723 351 -19 -66 106 388 590 -117 76 -838 -579 -408 57 18 -254 -59 -281 -94 -1]
[-196 887 119 -609 -439 810 -311 13 -665 -760 650 166 -1271 -238 85 894 -599 -182 2 -146 744 273 -148 1955 159 823 -227 108 -448 822 337 -267 729 -737 859 -88 -227 906 852 -1305 421 -610 -334 -394 -927 107 371 60 94 -129 418 21 142 -366 -14 491 309 573 8 26 405 454 -722 73 700 -146 494 -275 -183 4]
[373 342 -221 -40 -451 775 -273 -595 -502 292 5 315 -153 92 -961 -535 -64 -134 235 137 398 -461 155 489 268 -380 530 89 305 -120 -93 -136 59 970 1298 -180 -109 365 -1023 -593 93 -739 1061 476 513 -1182 -134 1179 1222 -30 263 221 -617 556 -500 -274 -114 -898 -639 50 58 319 528 -174 546 552 -302 -574 -20 8]
[876 321 -671 -349 403 381 -272 -312 -504 445 521 -91 61 445 -778 -614 808 -452 206 26 -60 235 -91 -65 607 771 -49 501 1038 -53 -501 -178 -404 428 141 -1197 408 48 79 382 768 362 580 -359 1030 -1419 52 166 577 362 -95 -117 814 437 -51 -103 437 -378 191 -238 672 -393 -93 1227 -83 -682 -428 -244 130 3]
[1290 184 -554 177 149 86 351 106 -178 71 -395 210 -11 505 137 -225 -390 648 -437 91 454 987 27 -277 455 -238 1328 -785 -1405 358 -3 -74 228 665 654 -126 876 -861 -524 -126 663 625 -65 253 -420 -746 -191 804 411 -251 -316 -883 -243 -791 209 376 85 -234 11 -537 -529 -71 298 -103 325 347 376 -32 -270 4]
[885 -855 428 143 1180 356 -349 -120 -163 768 37 -266 -291 508 -1129 -533 -201 -599 -74 -118 724 205 -1382 -782 598 51 -1290 -404 203 -816 76 -2 -640 -189 161 -1046 -255 -129 -355 580 649 286 971 -727 614 -818 -113 -860 -86 359 -470 125 278 535 -151 -661 -97 365 -974 302 -508 62 465 852 367 38 352 119 34 -5]
[-869 255 -749 1105 -224 615 316 317 32 -323 463 225 1318 17 -414 -12 -94 116 791 -275 116 -182 697 -876 736 194 891 -317 -573 -219 610 -95 61 -126 -489 825 534 -549 -673 -1177 681 -79 -547 -123 473 -46 -488 -498 666 -675 -203 -164 259 -67 223 481 -968 31 -28 99 -714 -151 -67 -27 -274 156 173 -606 456 9]
[-105 -220 401 -192 -28 75 -823 254 -339 567 144 -182 863 80 -381 -390 329 -342 815 -102 -790 -137 156 -507 -104 693 -517 42 167 -1122 -291 -395 -453 -513 628 -1265 681 32 1070 649 -117 584 130 389 -198 391 -627 -452 -527 -182 374 580 58 593 12 -481 -115 -221 -94 -88 -950 29 -833 799 615 350 -284 -93 44 3]
[-235 1085 312 -17 1313 81 -801 -512 -218 637 105 502 458 2 863 -163 -800 -539 -1253 517 209 124 189 213 849 -196 -299 274 400 159 -245 483 634 1238 -404 -210 -15 -436 -318 27 274 351 213 -777 366 158 275 -393 -983 -462 235 -33 -374 -736 316 195 1067 -476 -146 165 22 568 1246 164 34 50 408 90 204 -12]
[-1023 -801 -30 -133 -805 -677 642 571 89 832 -28 670 700 -151 -388 52 314 670 394 -448 338 600 405 -1943 -264 181 325 -1360 765 -302 -401 -821 -51 230 -4 -753 -84 349 313 288 -169 463 830 -351 -72 -403 -341 262 -55 127 35 348 921 -212 194 -417 -352 636 -213 -675 -773 -227 -49 727 266 250 176 -546 82 0]
[-67 690 372 658 -44 -190 -1200 323 -681 -350 525 390 912 54 -500 327 -118 -226 -180 -332 272 -219 -516 546 82 -585 -55 376 -1144 -513 257 -138 450 -44 1373 -505 1166 49 -315 -20 332 555 -40 -238 -549 319 -662 709 -402 95 630 63 -322 96 -171 -212 6 -1085 -556 -277 46 500 484 -585 650 1157 462 -412 -164 -1]
[5 -92 309 211 -333 528 -921 333 264 -773 123 -245 -1193 405 512 692 -620 -137 -496 -5 -376 20 -250 1231 -151 235 -481 1149 697 -310 518 241 324 185 651 -615 431 627 -178 -597 -267 16 135 -19 -664 38 1330 -77 515 -115 -470 -171 41 -49 -670 -216 119 -432 207 92 349 -81 30 -353 491 369 -379 237 -122 0]
[-570 806 564 448 656 21 -473 208 -562 -170 263 164 305 185 -98 758 -229 -251 765 -762 690 27 -279 438 -461 -353 184 -707 -506 116 774 -353 1098 -285 177 594 -251 -79 528 -593 752 -907 -228 -1042 -201 713 -883 430 -38 183 100 -969 -174 -400 -500 506 -187 444 392 -521 -444 -400 -1086 231 923 128 430 -144 188 8]
[1047 129 -218 -441 185 538 -995 239 70 478 -821 907 1098 -124 -225 -583 -417 -440 -575 851 241 -355 473 -602 660 -1209 157 201 234 -391 -344 -264 -32 255 1144 -277 108 -430 -773 451 -775 1754 87 -429 -557 -514 -29 1120 37 -28 -595 81 79 -131 40 68 555 -283 -525 -249 -289 -66 465 788 174 951 -459 419 14 3]
[-59 522 -614 393 915 -93 13 134 194 -685 -698 -144 -683 -481 974 30 -153 150 -469 215 789 277 158 718 -7 444 651 -147 -793 -510 -507 335 430 -996 744 824 -349 -399 587 -633 -1272 -597 -1214 -1196 -250 -32 1249 -62 216 -743 -305 -34 830 -341 365 481 -497 49 -854 392 1545 -313 828 -333 -80 180 412 -126 -96 8]
[-413 -827 -669 -39 -239 72 362 576 100 -510 -471 427 592 -378 -384 333 102 -136 -315 -96 -277 11 -3 -648 73 -620 1213 -139 -68 -741 -184 46 -538 -422 -144 -804 11 -500 -231 -475 -719 1086 -616 284 -798 -50 307 902 201 288 223 336 1140 717 399 -464 -323 403 -440 35 -954 -359 77 -224 -61 670 124 196 60 0]
[351 -981 -178 605 1061 -71 -357 -45 -75 663 -190 -233 29 -718 -149 -489 -1182 -443 -1622 357 573 -318 -641 -68 1114 -498 -477 -80 -131 -500 481 9 -292 261 786 -946 -833 -215 -654 -565 108 167 534 314 -202 -108 935 -330 -355 -404 -244 90 279 437 508 -121 1035 175 -746 -75 -1208 656 850 -680 662 234 -88 288 62 -7]
[167 -651 324 106 337 147 651 -351 93 543 1074 139 187 737 -47 399 427 -655 28 200 164 721 -242 -10 27 840 348 -381 647 -231 -689 -397 -550 182 -116 -907 116 396 -251 25 568 -213 1208 -63 431 -938 -307 3 305 189 524 200 209 391 267 -454 116 437 652 -354 73 -389 274 176 -202 -323 142 -163 -13 0]
[331 -637 628 -543 -578 770 185 -236 34 177 -35 -164 -636 128 242 -136 -583 -90 -9 857 -108 135 377 338 -1265 236 -80 495 -452 292 1256 -1082 432 -512 303 -41 412 907 916 118 -1256 559 -605 168 -290 129 239 -30 -169 478 178 80 -358 -174 -706 134 -270 -242 -1233 775 941 808 168 -355 -849 -601 869 -158 -8 0]
[119 864 -995 400 -284 -1162 1702 74 -448 236 -958 -130 -722 -1138 130 360 579 346 -105 -980 12 6 508 -369 599 -1572 700 -27 977 885 -329 321 162 487 160 514 -858 -293 -470 -261 -311 -899 368 724 -44 229 62 283 79 -363 -410 -221 -155 -476 28 326 760 147 847 -41 -622 -447 126 -453 201 -289 -1015 221 -77 -8]
[236 753 -361 246 -192 -180 128 715 523 -71 -905 -512 -104 -1245 251 564 31 -259 -178 -186 280 -632 -7 307 -930 -799 313 -163 -737 -328 -81 278 587 -244 977 583 21 -68 764 137 -1160 -733 -1159 755 -732 392 -628 1059 335 1193 90 192 -64 277 -47 -49 -375 -76 -282 180 -32 -802 343 -208 59 486 35 -95 -328 12]
[301 366 -652 -440 -41 471 -843 573 -242 -473 826 -367 -1391 -623 431 432 -282 -295 -52 739 331 -435 243 1118 -72 -346 -145 73 186 -464 -534 753 435 -661 1024 338 -1264 916 702 -968 -826 -663 -255 -1075 379 -216 1566 -545 471 121 -543 -60 -67 169 425 -12 -46 -315 -335 461 1034 10 203 -282 -385 -3 -118 10 -125 -8]
[342 817 416 -402 -523 -466 63 1051 690 -473 -265 262 627 1027 962 184 1358 715 -411 81 1116 -596 -382 -1178 -353 -214 1214 366 314 -284 106 -68 163 227 -182 337 213 26 -490 -434 396 -447 -142 -247 72 262 443 -271 213 906 732 -768 416 -160 154 101 -972 -857 514 647 -697 626 204 17 343 44 -290 -172 192 7]
[215 426 -138 73 -402 1282 537 -745 -603 -473 1496 207 -740 -459 -468 459 -34 475 133 682 156 -1000 754 138 322 -36 179 367 383 577 357 412 132 -185 495 774 -651 -305 -161 -552 -127 640 813 -432 238 -255 456 -344 -975 -337 -117 874 -666 -87 241 -154 -171 215 -217 287 608 741 263 -89 -54 250 -135 8 229 -10]
[-10 -1207 -908 981 118 -678 401 273 -407 760 -319 159 29 46 -638 -353 67 -134 -268 -953 317 179 -1004 -737 688 -542 552 -196 367 -130 294 18 -550 682 -112 -363 -357 380 -746 -658 -174 -861 393 49 230 -58 -246 -243 876 66 -627 105 214 665 155 -655 227 -506 -424 793 -602 -12 425 -814 -46 269 -356 -62 55 -11]
[116 947 84 -111 -740 105 -516 610 -826 340 461 -857 608 -156 -332 -787 615 48 1188 -707 -710 -227 35 -961 861 -294 34 -456 -384 -701 -426 200 -160 -162 882 -968 1009 -460 -410 -261 801 148 746 51 225 -636 -10 18 -365 -302 353 59 -244 859 669 31 640 217 -9 -925 -968 458 -535 379 14 191 -271 -396 112 4]
[-302 -63 -903 708 -375 -148 508 11 518 -94 547 -371 273 92 -205 -481 1076 734 301 -88 -896 -1283 1122 -663 366 78 218 506 -23 1375 244 318 -78 -265 -189 183 -179 -881 -650 -87 929 962 -260 292 500 400 520 -804 -424 -1003 -300 65 736 -283 6 63 198 351 762 -1273 8 198 -104 -157 -144 -129 -694 131 290 0]
[298 377 -964 -81 397 865 128 75 -466 35 510 120 -236 1050 23 -833 449 26 -51 -681 251 302 635 269 -254 -154 1408 -601 -384 -667 -225 106 213 1183 75 278 1255 -129 -484 -878 1100 -1004 45 31 516 -309 -224 520 757 -250 412 -1376 -683 288 -1030 504 -333 -543 56 187 -946 -54 -290 155 -59 -365 -105 -484 564 5]
[-785 -588 142 45 1046 -108 604 -690 -15 181 -65 65 -557 -404 254 711 -1385 -148 -585 -444 286 1069 65 287 -4 -66 -550 -886 -638 -594 -231 -18 21 29 -979 686 -476 -577 -188 567 140 -858 337 99 216 322 165 6 -538 -503 111 -468 -368 -205 62 -61 -478 505 -26 77 -646 -503 466 -279 64 -301 633 794 -148 -9]
[562 539 -260 -196 -1053 300 91 -557 -455 -73 1214 92 403 -468 -887 -831 1192 -485 -112 839 -82 -1348 1042 729 -918 0 620 55 -152 463 0 -702 -525 52 1227 -151 -270 -462 -173 -943 509 600 181 309 228 -20 120 571 -636 -295 1375 325 -47 135 -28 -214 571 -1233 -278 -369 -266 -68 -570 -1078 227 -170 -414 -614 314 13]
[516 519 20 -301 340 570 25 -649 18 -207 439 -68 -549 1893 -380 -797 662 -314 -61 651 -345 -736 -273 -336 224 -274 645 837 834 -464 34 517 -10 682 -859 -39 159 3 -1339 415 346 279 446 653 949 -172 356 -652 891 -812 798 -411 -190 93 -313 -166 -236 -536 760 -620 50 565 61 -277 -119 -291 277 -243 -262 -10]
[-480 234 233 -197 195 -55 -792 -241 -660 -513 203 -657 588 119 -702 -355 -220 66 1178 332 400 352 -706 102 -596 387 -697 -168 -72 -156 -786 533 -548 -308 -936 -700 -750 -86 -127 -280 -532 -341 144 -781 99 -1091 -765 43 -88 -104 277 -192 474 -165 957 -147 120 487 418 241 1097 -919 -398 825 294 376 608 -631 -157 -10]
[-111 359 61 -278 -792 671 129 -14 489 -306 376 123 -325 33 189 88 -288 236 237 592 850 465 198 172 272 691 -424 -20 -756 734 228 221 184 -470 355 109 440 -214 47 -965 398 -606 -186 316 -670 48 5 -16 -524 274 348 -463 1 -1030 311 -345 -605 507 132 840 -641 116 349 160 186 -372 -302 -113 291 -2]
[150 351 -170 -235 -1129 335 80 164 396 -12 183 151 290 -401 -34 -508 -771 78 195 -164 57 285 482 -444 -361 177 601 -72 -870 448 211 -619 -130 439 -371 -1253 650 -83 -99 -420 -12 950 -212 275 -676 -1167 399 806 -765 -193 567 385 381 -264 -436 -255 610 -442 -506 -542 -515 -615 439 89 -650 318 653 -563 -33 42]
[546 -314 663 -367 -120 -362 42 634 257 349 1249 171 -435 1235 -131 158 992 -101 3 829 89 443 -238 -694 -712 -889 753 182 -12 -392 465 -353 93 -275 11 -475 76 1125 132 -101 228 -314 -59 292 1234 231 1476 -1136 871 -155 414 -1032 -619 -150 -540 -322 -249 -1014 387 -439 548 331 404 -535 -48 -1285 -342 392 178 -7]
[69 355 455 -554 -134 -67 -201 -240 1006 173 -1011 73 -58 -340 1254 559 -450 -816 -481 311 198 -26 125 1055 -310 986 99 267 -208 633 206 -516 -169 297 -405 -853 395 457 1605 213 -769 336 -760 359 -1215 -77 80 520 -327 -110 -43 750 130 146 -520 581 1199 911 -272 656 -72 -72 -634 396 -216 -150 -97 49 120 37]
[-290 -391 -115 -773 -895 -241 -256 236 -83 -170 387 -211 -89 -863 329 315 36 734 57 -414 -1138 666 528 64 -559 -246 97 -1021 -758 -254 -346 -164 -141 -492 -526 -857 244 423 742 34 654 1017 -821 240 -420 -454 331 15 -330 -509 280 213 -938 831 -232 129 541 792 822 -461 -140 878 -566 254 -311 334 316 256 -265 -26]
[218 1122 -189 24 -21 -363 -475 -405 20 -838 -516 -722 13 17 -599 1 -209 -139 107 -236 763 426 -231 997 130 610 -1132 290 -455 688 -229 541 -240 228 539 -625 43 393 460 -130 1304 -757 853 -91 204 -390 -360 156 299 1126 133 -637 353 -487 117 273 -410 39 -822 8 -437 -239 547 96 -221 -563 338 -571 -52 33]
[-678 -282 419 436 831 231 -78 -417 -703 461 90 365 65 -236 178 -466 -692 495 -466 102 506 -241 -192 -68 -388 726 158 -1442 -541 -666 -8 83 306 90 167 588 -518 -591 -210 -526 -378 -86 309 -304 -469 516 -129 51 -415 -778 714 957 -322 -253 1364 -331 -83 564 -519 -346 209 692 313 -396 1199 983 731 -453 37 -44]
[595 920 -149 622 575 303 817 -847 451 -215 294 -638 -219 46 -250 165 907 -35 786 299 -506 -993 675 -36 -644 249 -368 632 -152 1014 472 245 571 -409 -381 1694 -512 -522 -513 867 1096 -396 -106 625 1073 -512 -400 -666 217 -268 -92 -182 -666 -98 -171 305 -698 480 1095 -649 926 -178 -110 223 -601 -474 -167 441 -23 -12]
[-571 -555 757 1118 625 -400 291 225 886 -96 -215 309 -254 -328 536 1183 -141 -169 -418 232 174 302 -666 346 255 100 -867 1273 -384 -285 702 143 130 -711 553 282 8 -24 301 294 -456 -158 -577 171 -640 418 -154 -1322 -184 -156 -725 54 -155 -442 -820 -221 -180 -233 476 830 436 177 622 -346 340 -176 -180 1018 -51 82]
[753 -279 -191 -778 -778 -125 508 86 -20 51 -63 8 -541 -212 147 -363 946 878 254 73 528 857 333 272 -755 154 560 -570 -1424 135 -75 -372 -358 -1138 337 56 -46 -500 979 -371 748 763 -537 -70 -106 -38 -320 -362 -510 -574 -121 -548 -540 -363 -463 285 42 -91 557 893 -16 384 -434 562 508 -117 182 538 -300 83]
[523 -215 267 -834 -196 -49 -21 277 -719 213 581 522 -54 582 -179 -167 312 86 122 -413 925 565 -154 -208 -357 717 21 -233 -106 -423 -588 -644 -562 -327 457 -925 610 413 506 504 -80 644 965 -388 -67 -321 116 1 -541 -181 -25 -80 91 -198 -127 -152 241 -244 -240 659 587 265 106 893 489 64 -182 70 -244 -10]
[3 -641 426 1284 961 -512 -668 419 -55 -1126 549 118 492 318 270 897 -445 381 252 684 -421 722 -783 -345 424 269 -198 -233 -386 -775 -532 857 -828 -676 -759 -177 -487 -515 -808 -148 157 809 -228 -957 -545 -204 234 -211 97 -135 -32 -375 229 -483 1166 -264 -372 -77 596 -379 637 -350 -74 -77 708 764 276 435 29 55]
[416 270 -605 -597 -684 584 184 671 -71 -49 1287 422 -322 748 297 -19 634 172 -33 -214 587 583 180 261 247 56 532 -71 360 283 -255 -650 645 151 956 -320 1381 732 16 -313 954 -23 245 -417 757 131 959 326 181 250 270 -930 394 153 118 544 -172 26 174 -308 198 850 -182 523 158 -783 -427 122 327 -52]
[295 -692 180 -464 244 313 -797 -27 663 582 -262 98 -131 -341 487 -822 -167 -599 -888 338 449 -594 267 1332 -1096 -809 -60 -223 -926 -490 507 -661 895 -17 935 1026 315 229 658 43 -1155 -511 -1355 -450 -327 1095 -67 401 -388 16 13 200 -453 9 -1109 221 -278 -242 -848 409 448 62 269 -457 -276 164 151 -150 110 89]
[-605 -643 -153 -55 33 435 -714 671 -317 -1118 294 944 351 712 -72 -217 -179 -164 -544 -396 1041 162 -408 793 -435 350 -497 -78 -119 -160 182 -725 -563 -234 -868 313 768 969 -725 -830 328 -35 -481 -191 -906 505 269 490 103 328 500 -464 237 -61 -449 514 -607 -376 -759 1615 -293 785 -295 102 264 371 -53 144 319 -211]
[-1112 -118 -309 -478 -842 -267 -26 58 160 27 -773 192 21 -917 70 103 -283 1285 114 -807 -460 225 413 325 -453 247 -383 -1291 109 65 -1303 394 -390 749 -152 719 -422 299 483 499 -187 -334 281 -312 -102 -366 -555 502 48 -384 -490 699 -316 418 -255 152 -61 857 34 -93 254 -441 -262 602 -306 519 -522 -129 133 -17]
[750 770 -414 397 602 -333 -450 660 -172 -895 74 -775 537 350 -235 -379 423 -177 1176 -111 -199 133 -535 -343 217 -632 321 648 -531 -243 -336 522 -286 -79 -28 -457 -19 -399 456 -138 31 -453 -233 -513 839 -565 -62 -322 951 294 -889 -850 251 -157 184 498 -53 -997 51 204 345 -1451 -181 507 -227 -43 -837 -169 248 -4]
[89 -212 -207 323 -211 264 497 666 239 -151 -380 -673 -1213 126 -138 -69 -211 230 926 -229 -598 -344 -253 320 72 571 379 -92 112 73 -238 -16 302 -916 696 -255 -612 606 451 -477 -632 -765 -380 255 452 462 275 -718 899 346 -634 564 432 772 137 -150 -739 71 -877 -47 -2 219 -241 -162 -291 -83 150 -56 19 131]
[-329 226 -410 -687 354 -540 -896 -303 -526 -931 -305 -814 -694 -299 -141 518 -261 -357 725 -444 -658 -368 -260 1563 -270 86 -1237 167 -469 -649 -362 468 -154 -1043 -370 157 -491 74 572 502 -550 -702 -487 -238 -74 484 42 378 543 397 -155 176 438 575 -1 -69 -205 307 -310 -392 933 -540 -364 -240 -231 263 191 -191 -166 84]
[754 254 -391 91 -361 847 -232 -150 332 -515 241 -2 -308 487 -23 -777 1074 537 403 676 -661 -1001 404 107 59 793 1457 -39 -291 -55 -63 18 90 -292 458 13 369 -489 -506 -577 308 713 -963 131 1117 -696 1096 672 779 -787 290 454 34 856 38 81 -483 -542 33 -851 965 804 30 65 60 211 -11 -92 176 254]
[391 -273 -70 109 593 -211 458 224 436 -667 -484 -160 -462 859 697 -116 -362 -185 -730 799 -675 687 45 308 -111 -101 481 324 -101 -58 -310 493 195 446 -414 105 333 -71 -942 376 -665 178 -351 500 159 578 506 -54 694 253 476 -556 553 -478 214 384 -95 -81 -42 -264 96 -70 145 -288 -57 -796 640 575 -91 -80]
[-637 -251 456 207 246 578 170 367 -147 81 -586 283 -403 680 799 911 -651 561 -11 -575 390 770 -579 -850 164 292 -673 486 228 -970 703 63 194 -255 -334 549 785 -494 -272 426 -1279 -131 -214 -518 -1236 -179 -311 -472 -521 -102 -536 40 -384 -570 219 -786 -525 -178 -162 913 737 480 740 -139 166 749 412 546 -289 -55]
[-29 452 -549 301 179 523 301 183 -203 669 605 369 67 -188 1318 406 -242 512 -390 494 -659 -804 193 -245 510 18 735 -1062 936 -737 -696 511 -161 245 -648 826 -416 -521 -379 -98 -151 -42 415 226 905 169 321 -70 1012 -494 52 424 -254 137 818 502 45 -26 768 -679 224 118 460 123 -111 165 -418 196 149 116]
]