[[381 -392 -959 140 126 -439 -935 89 -1162 -286 706 -350 317 232 -1031 508 -94 -648 306 -87 294 -184 -41 494 946 280 173 -266 151 977 1301 -707 -47 336 -295 106 119 340 -343 1539 -837 -462 258 121 -434 -1005 93 1018 -298 -451 750 105 -559 931 -1208 -1003 937 -96 219 -153 -347 -469 -195 1150 610 161 -621 110 397 -96 -373 -62 -68 0 0]
[4 547 545 455 -205 329 2290 -473 774 315 -923 -202 -341 606 839 -705 977 507 -326 14 -527 461 147 361 -453 -332 -759 -878 135 -161 -246 -330 500 114 -202 -1236 -18 859 -783 -878 177 1445 -662 11 44 741 392 -536 772 -298 -401 -97 40 -297 -222 -344 -1195 -1109 -4 -132 -85 489 174 277 198 35 284 28 -333 24 135 62 68 0 0]
[9 239 632 472 291 -651 -450 642 -246 -716 238 -254 -426 -488 -375 378 1181 202 -223 0 672 -850 200 90 68 39 -713 -376 57 355 854 -457 -563 -946 -526 244 -12 -309 885 331 -739 -763 -100 691 974 -190 -640 -72 -992 588 382 -799 671 344 -999 193 939 -558 -214 1049 608 -763 -153 619 555 337 265 -785 -266 310 -354 297 127 3 0]
[931 -332 -147 766 738 -254 528 -769 601 -310 -500 90 124 225 556 -341 -315 -698 69 -503 -495 906 20 1014 -103 -77 -263 -108 -36 268 -456 -973 454 -403 318 -638 -1288 513 -887 -764 491 -526 -122 323 190 1227 302 1285 1843 -916 -1008 432 -664 -888 172 -285 -250 908 -92 -998 -1132 903 186 -113 -423 247 -543 593 -243 -167 697 -193 -1 -3 0]
[-771 -201 -1177 713 629 -595 1532 -279 -71 -769 579 368 -143 112 -178 -6 408 -390 -532 -602 1274 -625 645 652 199 361 -224 -1507 425 203 771 -47 488 -723 -568 -1306 -266 1449 -593 426 -288 -753 -902 188 669 -125 -891 119 896 -332 -435 -352 -362 -294 -953 -386 -357 1059 -292 168 -641 -281 -430 -156 374 755 -318 -358 -274 64 -248 1 0 0 0]
[397 502 716 233 -497 132 -386 439 441 -610 -1963 -414 703 -193 708 889 -28 415 -179 721 393 568 -180 719 -68 -904 -704 397 -287 -183 96 106 -252 -441 145 613 -856 -1904 1648 147 134 39 -209 690 794 1264 -139 208 -428 -55 -110 -873 658 -612 -544 66 33 -153 -185 153 1414 -299 377 151 -909 -130 225 -878 -167 -19 605 103 126 0 0]
[-919 -231 -502 -442 -4 289 11 185 809 634 968 515 -776 -989 658 -828 81 554 1 -567 671 515 2 -936 -157 151 718 -435 -30 -758 -338 1102 90 -559 98 -1531 958 273 510 -215 -8 -280 -227 -1280 363 98 -793 -579 329 76 -365 612 32 1034 411 1035 -413 -899 -269 34 -850 512 -471 -786 60 -118 -119 840 -88 104 -345 -104 -126 0 0]
[-273 31 350 -1016 -697 923 -491 175 803 1494 -538 -494 -244 -80 825 -911 740 261 255 437 -1107 855 -302 -263 124 -612 868 563 -87 -695 179 1203 134 -322 -255 -250 380 -955 163 271 93 1593 -124 453 97 775 -25 -1022 197 -682 583 359 29 315 237 388 45 -1280 431 -482 79 553 -20 1003 -109 -814 635 343 585 44 193 231 133 -1 0]
[-324 555 -279 -369 -465 26 -855 744 -263 -961 552 347 85 -671 344 254 -742 475 -268 1431 920 -669 -675 -1094 66 -120 661 -115 143 -78 -430 428 -179 1049 318 -65 835 -873 1184 446 -380 -376 374 -631 266 -514 -5 -761 -282 499 700 299 428 937 -415 -6 459 -1195 -782 466 -201 34 162 -734 -139 474 331 -224 -169 29 -507 8 210 -6 0]
[-489 -309 -557 -165 -642 112 243 238 -420 -52 -235 646 277 -784 -348 122 39 492 752 -895 228 -675 378 -340 -279 -461 28 -426 -21 -97 338 634 460 -1088 -394 -370 241 247 355 -235 725 -995 -804 -214 407 207 -335 -18 143 534 -212 606 51 -338 627 96 -660 1615 415 -561 -346 -705 153 -572 -300 -754 -1090 559 163 -421 -236 -115 -537 7 0]
[-142 441 -537 834 14 -612 1313 -190 -27 -962 153 300 -461 -76 414 -936 -424 288 -92 -665 -230 -1200 326 -34 -281 115 -173 -937 729 -435 126 -318 396 136 513 -1003 264 824 -967 -432 308 -182 -996 28 -478 -293 229 191 528 396 -389 509 -29 883 703 -253 -1660 -583 -175 -59 -1416 118 361 -149 395 -333 -726 1132 -547 -471 -88 -200 -65 1 0]
[-302 -499 -1573 503 1025 191 829 -1076 732 -716 -30 -526 -100 1273 423 49 268 -634 -311 466 1238 416 279 1538 166 422 228 -288 230 96 349 -307 826 -562 -34 -660 -205 116 -142 1160 -1006 -295 -697 1214 700 159 106 800 677 -444 -863 218 -790 373 -1628 -574 -255 398 -899 -20 -500 -348 -111 995 115 625 90 -394 -326 -59 323 -200 471 -10 0]
[115 -649 -660 -390 652 399 -1179 -498 182 -470 289 3 238 -580 -136 96 -1277 -179 624 -381 749 648 -17 -427 -21 170 -264 502 -93 666 -940 2 59 -630 107 158 -202 -649 682 982 -386 -923 203 26 246 1145 252 1024 -701 -376 -765 338 -450 -46 -648 326 540 944 -470 -393 -454 -50 770 139 -342 -1135 -762 -5 226 235 503 -269 133 7 0]
[98 -185 -439 132 308 298 -1191 -300 391 16 1068 -84 -532 205 -165 -1006 735 -389 -524 -72 -415 -373 54 252 -288 352 836 907 -1056 263 -35 71 94 -408 90 -640 -279 -815 -191 -310 995 -356 60 477 945 102 18 -284 1154 -109 -229 583 -228 -492 819 346 61 514 -183 38 -774 1040 -337 -747 -16 536 356 734 -459 552 -16 260 -74 -8 0]
[347 -5 512 483 519 -577 -625 840 453 408 -445 37 457 -316 1071 -40 -945 -712 126 -262 -1004 1016 -632 1057 720 -46 551 1137 454 -723 340 180 -321 -867 629 1278 -1021 -344 -33 111 117 141 147 -196 -477 -235 -827 331 -134 -327 -695 171 -147 -689 1146 1167 551 178 260 14 4 459 -507 -140 -1030 -350 23 335 -109 90 1103 -93 378 -152 2]
[-848 856 640 -511 -394 644 -15 176 -334 -452 439 637 392 -650 472 20 41 721 554 -160 -351 -862 -407 -1851 -480 -84 -103 433 357 27 -640 484 427 -295 -58 567 701 74 654 69 -163 96 -369 -340 49 -833 -89 -1715 -834 928 178 584 959 -1175 445 -96 181 782 73 968 135 -661 -51 -957 -320 -422 338 -613 447 234 -566 191 -284 10 0]
[281 592 622 -290 -276 -437 -1099 420 -424 763 -692 695 293 -760 656 -224 -653 327 296 -682 -1448 418 -247 -552 -86 -672 726 930 785 -483 -258 234 -594 -223 147 225 -17 -62 -542 -109 -91 169 -179 -79 -1031 -354 -233 -88 79 640 590 460 593 598 1425 525 -336 29 687 370 -184 291 -508 -12 -303 -260 -205 804 421 -548 -24 -197 -569 109 0]
[-65 252 114 -870 307 185 -205 -519 -130 314 465 287 101 704 371 -248 -520 -920 -639 -50 -3 364 -87 -281 840 418 574 71 111 -595 -251 513 244 760 200 541 -640 -7 -178 -304 1014 349 324 173 -135 -240 312 -1139 511 -1021 577 -505 115 -867 -37 -564 367 -22 202 -613 -107 277 -276 -440 -187 545 1004 -657 272 -427 388 334 438 -100 0]
[-247 -4 907 -806 101 739 870 277 -109 1046 -177 -129 -1055 1124 -1083 -347 1443 65 -459 505 -351 214 -58 274 -433 -181 -588 -216 -213 778 -141 -1086 -469 -677 -1390 73 224 257 -189 -1 -570 1588 -42 580 0 -12 647 -484 -1088 196 1025 -44 -12 -43 -749 274 122 -981 670 272 1510 -1083 90 1600 752 -618 615 -492 -20 127 8 176 407 -145 2]
[138 -370 7 -417 -679 12 863 -800 32 -15 -1588 363 -160 575 -435 443 -818 -89 -303 192 -239 708 31 579 -311 -38 -463 137 -695 279 -683 -465 -427 844 -12 -50 -735 -99 -364 -965 798 1149 -453 -95 -187 850 1606 180 57 -256 -223 175 124 226 92 -367 -1649 -744 188 -714 731 -445 654 -65 -360 -519 -40 -8 -121 -486 564 -75 -158 2 0]
[-1323 84 632 -266 -701 573 824 1017 -32 1138 -133 354 405 -358 -76 267 820 797 283 110 -253 120 -371 191 -109 -818 384 -115 124 -306 807 821 647 -412 -70 -567 133 -552 859 -86 56 570 -489 -108 166 -411 -1015 -1093 -182 152 670 769 1016 -450 514 764 -335 824 189 636 1284 -133 -559 -234 -736 -91 632 -314 -83 -86 -53 210 -177 -150 2]
[264 580 675 841 744 1042 982 317 -103 -516 210 1178 -284 -91 534 -418 952 665 -245 469 -808 -272 -681 -471 -663 -176 -78 -153 559 19 -234 -1437 534 -712 355 420 261 537 27 -1234 -649 -626 -125 845 -234 -729 908 -126 217 1177 122 1195 743 -390 307 -209 -382 426 -154 344 -646 -402 -217 -535 102 314 182 370 -758 -238 237 -323 152 -150 2]
[-449 752 -340 367 -170 -218 64 -34 343 -2412 -79 331 -263 500 1326 -733 -518 -338 -114 -636 694 -777 -198 81 -480 111 -164 -283 234 -172 -485 112 -230 -1239 206 -409 -373 -918 1403 -165 933 -719 -953 124 1023 691 -447 -731 640 -10 -565 -45 171 -1863 655 422 -305 528 -83 603 -437 -54 387 -591 -843 -325 -179 359 -176 374 624 250 322 -30 3]
[-180 461 85 -306 546 1178 1476 -230 1104 698 -200 -122 -578 462 325 -19 566 121 -860 -230 -336 1293 279 345 12 202 -195 -260 -461 -406 311 99 1261 -417 390 -498 -585 -128 406 -87 234 1158 -557 190 -205 -109 -296 -969 173 -327 -837 -146 700 -627 -111 600 -808 -350 -361 -213 704 43 -459 -176 -319 1 357 -427 -779 -21 274 83 146 -222 -1]
[708 -151 838 -502 26 1010 1018 -950 604 1093 -262 3 359 669 728 -328 161 34 -92 -867 -837 1727 151 85 -520 231 -396 -223 -122 447 -605 69 730 371 453 -1127 -858 274 -356 -712 1114 350 567 -108 -454 1966 640 129 549 -1194 105 -124 -108 -587 176 293 -111 319 -87 -868 -223 956 377 133 60 -163 -173 473 -242 348 724 409 246 -24 3]
[295 4 393 -123 -1071 428 -988 -29 -315 -281 -767 -343 443 111 -629 1303 227 770 10 1195 216 -487 111 -379 -51 36 -97 893 -848 211 324 222 262 716 747 1119 148 -1686 1702 415 96 -451 379 499 321 -384 326 -464 -1018 1040 542 -295 1043 1180 -375 -519 -327 56 -404 -119 960 -1653 274 -470 46 253 257 -140 -704 267 -107 117 -269 152 -2]
[-479 -145 154 740 1040 -594 205 -361 -336 -593 866 656 -254 -385 -362 -135 -1471 -261 -196 -354 632 -451 394 -995 222 414 -166 -794 764 -37 -665 67 47 825 519 -559 -11 1092 -779 -42 -535 -298 606 -424 -447 -361 -747 -193 -72 -204 118 -510 40 624 -382 328 260 409 -206 889 -210 452 -15 -490 642 365 428 -128 -363 498 160 -96 447 84 3]
[-303 5 -393 1278 -409 -851 1045 -503 -518 -727 -670 433 1537 183 722 724 -125 -479 445 -304 -61 -43 253 1357 -55 296 -207 -136 678 269 658 -226 439 -603 733 46 -904 293 -331 -255 113 -953 -1379 100 17 38 256 731 442 -316 -339 267 511 -691 442 -427 -901 1232 -448 533 -17 -473 -241 -382 -1070 570 -519 25 -47 -650 543 283 -472 90 3]
[523 -1165 290 295 838 31 -603 -782 593 807 -444 -619 -278 422 -668 749 721 -864 601 -470 -639 1562 369 460 250 228 -10 634 -930 -204 219 -76 599 -5 -135 759 -933 316 -509 -758 174 -36 877 1322 68 -58 -205 353 645 -834 -870 -159 -220 -124 -520 -359 137 878 154 -809 -344 246 -256 -58 -45 200 428 -246 136 18 487 73 154 152 -2]
[-338 406 213 48 -324 551 217 562 458 590 -910 -113 206 -653 1347 178 1323 483 -185 419 79 1183 190 76 449 -439 624 -214 -10 -348 807 1078 1163 -938 -852 -887 406 709 220 557 219 395 -712 -291 492 -229 -569 -1136 326 -429 -120 -166 649 -101 -693 399 284 -699 -507 -58 311 -232 -995 -423 -135 434 -141 -772 -62 -89 -418 458 105 -143 2]
[-163 316 -420 -197 485 598 1023 -407 -168 375 319 -12 -81 1281 205 -207 570 241 -187 -1039 -144 111 637 1389 240 -126 -35 -131 305 -463 995 -674 526 -278 687 29 -206 -69 -194 -221 107 276 -1468 449 -606 -816 246 -272 10 219 -264 148 79 -151 659 -248 -793 422 262 297 361 328 -419 323 121 -207 171 -112 -142 -1013 461 -293 -525 -230 -1]
[1183 228 1191 906 1244 -275 -685 218 -679 -58 383 -115 457 -40 -647 216 -338 -163 57 -564 -1354 361 107 344 1003 -346 -573 443 622 206 198 -753 -595 616 518 983 -258 501 -1042 -147 -484 -44 608 1081 -1192 -396 -95 589 -617 242 -16 -210 -93 8 262 203 729 176 244 1049 -430 1308 -196 231 697 30 454 196 -192 71 665 -393 176 1 0]
[163 -37 591 -967 -47 -1043 -857 841 -52 583 1070 -57 -817 -939 -1366 91 170 -1032 205 -7 -54 -497 -178 -1037 586 -248 251 -1084 236 -137 353 126 -539 -350 -971 158 102 253 35 549 -829 -31 7 -473 304 241 -601 -152 -542 -433 1100 -204 -316 857 -1048 554 1656 -1630 428 -223 -85 -784 113 1117 667 -332 285 330 757 -211 -1145 252 167 28 0]
[568 615 689 810 434 -396 416 -50 966 3 -1228 90 -946 64 236 -207 1019 288 -660 -69 195 -319 385 727 -1090 5 -314 -190 -313 -162 -131 -1245 336 -1148 429 -779 -575 -401 1 -646 -267 -625 -514 321 1168 871 116 456 -30 1053 -677 -76 247 1026 -186 491 -863 -402 -732 35 95 -340 558 374 157 908 -115 549 -1184 -91 -89 25 -70 109 0]
[-523 -848 203 -780 -147 -910 -138 -174 -49 910 907 623 -200 275 -868 402 -403 -52 174 -422 -51 35 67 253 -321 -1 -210 743 -481 515 -850 373 -1006 981 -139 408 -405 126 -195 -796 701 -410 196 -899 -233 -10 236 -121 -407 614 92 414 -284 69 1269 927 -511 1365 333 415 667 -287 -247 -994 -234 7 263 96 -298 -48 56 26 -312 17 0]
[476 887 355 -1175 407 687 -449 132 114 -547 -742 290 521 934 417 321 -965 -683 38 1180 -125 92 -528 -129 -371 102 505 882 439 799 -1564 -84 193 -976 -566 1244 -255 -1260 965 895 485 -418 93 855 562 767 -35 -570 -2 278 198 60 -29 -1647 55 460 1146 921 -500 -535 207 -862 759 379 -478 -405 139 -211 31 -83 551 -168 614 -103 -3]
[34 -145 104 -544 -152 495 -609 -107 411 -85 -1007 527 648 -847 607 -199 -912 -34 -623 -618 -649 68 -20 -933 -463 103 440 879 552 -394 -817 449 -597 -748 602 774 -627 -76 -178 -231 209 30 382 663 -161 1588 294 264 566 -139 -364 -167 343 -1665 1252 65 -236 1661 411 -313 -529 210 24 -143 -444 -255 -331 -269 592 58 394 -34 -24 236 -8]
[-351 -65 -1493 -128 -1237 -394 -589 897 -841 498 1004 233 737 -772 -102 65 -295 -203 -241 478 633 -745 -255 -843 371 406 1098 -737 -327 -267 518 1306 156 417 -161 -382 658 94 110 749 585 -393 233 -1063 -265 -1065 -361 -125 -14 73 357 157 -881 955 114 -300 42 -270 -154 -562 -1203 548 238 -1314 -608 299 -959 707 106 -215 -972 309 -674 134 -12]
[798 -197 669 1044 -172 -304 512 -83 9 -149 -965 -14 -492 -136 -471 205 1381 390 379 349 -50 1 224 553 -415 484 -676 -246 -587 56 -106 -658 -236 -492 -660 -180 544 1122 -561 -1716 246 -1190 541 288 855 640 355 773 228 920 13 -98 235 719 -597 -500 -84 -579 -278 -157 -232 -355 -15 237 957 941 -54 377 -231 -223 -114 -298 39 134 -2]
[131 -380 1100 -227 42 558 -693 1252 -524 118 833 -105 -887 88 -1188 -467 912 103 432 118 24 -1188 -259 -879 190 -231 -115 -677 334 -107 814 -644 -258 651 -115 825 923 238 364 -651 -1089 -342 1039 454 -237 -493 709 -302 -1177 666 1485 383 538 463 -553 -327 754 -259 665 275 377 -441 360 1381 1030 -324 572 -5 300 -107 -54 33 390 2 16]
[-218 313 1152 -579 -202 -528 887 -219 424 -263 -107 -79 374 -155 664 -116 1055 269 -196 373 -900 -1262 237 -57 -714 -369 -358 717 71 -1203 207 275 -284 -328 316 1139 -214 -339 -404 -1049 556 348 -637 1184 204 79 67 -1454 -486 448 440 68 208 -150 739 257 -477 -812 -172 499 -445 -350 -36 -505 100 192 1242 -753 57 -49 -170 958 261 -59 -1]
[583 249 -407 534 226 98 311 -407 -555 -209 68 393 906 448 -490 692 -129 -303 -1021 -517 403 -190 262 1258 452 237 -293 208 -275 1018 815 -773 69 -376 -127 651 -693 -141 28 1192 -109 -80 -560 231 -129 -635 -169 503 -966 177 49 -920 -590 -546 -1212 -507 647 852 284 36 517 -869 -59 -252 253 -154 -445 -449 -351 789 -28 205 -126 -147 -1]
[-300 -60 -1197 -458 -335 179 -113 315 238 54 482 -57 470 248 888 -575 -237 14 1392 516 779 170 -599 -443 -443 -282 901 40 85 -882 -502 2102 461 -342 -200 887 736 -615 883 -88 510 -943 -31 -518 536 -14 48 -941 216 637 -535 350 -491 -719 237 108 -58 992 -398 -1103 -695 -95 187 -496 -1308 -366 123 480 66 -489 188 -575 265 20 -6]
[342 -404 296 102 404 268 -906 80 -58 4 955 721 -303 -179 -262 26 -183 -634 -67 65 -1128 848 -731 -103 125 619 692 719 -1460 715 -337 -1228 118 449 1275 756 -1168 -556 277 -916 75 -436 571 28 -86 -159 167 -320 1465 -494 -674 1048 -96 -1052 861 -409 415 912 79 -663 -705 1094 13 -1346 -576 511 743 489 -400 -143 168 -587 -476 -129 -29]
[65 541 -40 -796 386 560 -257 -719 564 90 290 424 -545 803 -38 -405 -141 -360 -564 616 -211 399 -360 -635 -1189 -26 163 504 -784 17 -1382 -116 4 231 563 275 -71 -566 -482 -140 68 1245 -23 -752 -440 -521 624 -737 287 99 -591 121 -555 -454 328 206 -340 -262 -262 134 260 621 548 -633 -502 352 300 -206 134 222 -400 266 -354 87 -16]
[-275 42 -583 126 83 160 288 -309 143 458 641 760 -851 -435 82 -1071 -604 75 -898 577 -654 -30 -300 -523 -127 712 -83 333 -363 -301 -1139 663 -1012 576 311 237 626 99 -541 -832 142 1626 484 -506 -1010 -465 571 -987 -722 432 -374 260 917 45 649 1165 -655 -1091 130 692 69 1309 355 -570 -359 -417 276 165 -491 627 589 210 -117 -86 9]
[-473 -558 353 -1241 -102 275 -1368 -601 -592 1219 1304 -408 199 651 -460 142 -857 -513 523 -1272 -50 665 -113 -678 1586 927 594 667 197 145 141 555 -175 1177 569 -24 384 26 161 900 25 -296 1121 -1385 -985 -1213 634 275 -836 -860 978 739 -231 40 579 -269 556 -198 520 -102 672 -347 -594 760 20 131 236 176 757 -28 -184 211 136 -55 18]
[379 675 884 -103 -577 -359 1119 617 893 -50 -877 171 249 199 875 718 55 -6 -526 382 22 1164 -269 674 -286 -376 -373 -95 547 -78 -13 -276 -504 18 363 -398 -100 -59 1110 -219 -470 994 -373 -1277 129 42 -827 -736 322 95 185 -363 949 -348 224 1036 78 -1596 136 1119 1292 -389 -571 -150 -316 902 499 -143 -225 349 515 371 252 218 13]
[363 948 -4 1315 -463 -193 -1410 104 167 -907 -735 285 311 -622 667 476 -51 -135 -206 427 -474 599 -748 535 192 349 140 707 -309 217 608 -165 -85 110 955 805 -574 -2016 1422 -461 226 -205 -279 1086 608 -626 221 -342 -366 416 -192 -523 1196 -236 316 183 -202 -561 -1092 886 618 966 370 -549 -1343 153 246 -113 -689 -60 893 -65 -91 108 0]
[55 624 -206 631 -208 -862 516 -293 -773 -1318 500 -289 325 562 494 119 -84 -487 -459 -377 713 -1553 -175 -133 620 1002 -805 -203 144 1413 272 -1066 -48 864 -50 -5 -176 810 -285 750 -140 106 337 -30 478 -804 258 -304 -27 441 -361 -524 84 -509 -265 -1135 352 -3 -15 398 -526 -92 230 341 245 840 -213 -403 -301 537 -405 205 -188 -23 -8]
[205 60 -232 -112 82 -411 270 -946 -413 608 -153 352 -612 1262 -229 -203 -70 -426 62 -599 -272 564 -266 -301 -306 349 412 133 21 -178 -690 -801 -581 837 160 347 771 217 -1199 -159 -625 529 486 182 -1591 -503 1046 808 -467 -201 231 636 -135 1025 -266 -723 -1173 -629 666 -183 -263 -28 495 1039 370 -146 351 885 672 -546 -1 -168 -56 47 -1]
[-601 -460 -1023 -957 -70 114 -390 -315 -110 -515 291 -39 -423 285 -407 472 -250 183 -187 -895 861 352 415 349 -233 368 699 811 -743 194 220 170 -104 -740 189 -193 144 -463 797 189 120 -374 -347 -41 60 -169 60 -7 189 174 -102 599 778 -521 189 660 -176 963 -263 619 1099 -634 -1240 -206 -495 238 159 -722 199 -246 -24 27 -558 -35 -13]
[-98 -495 -257 -1232 -69 1609 -573 244 454 1275 751 450 222 394 -95 -218 -525 98 -400 191 -196 984 -201 135 407 639 869 1411 -487 -1691 271 935 -208 -99 802 365 331 -451 913 -330 696 319 505 -1133 -153 -228 80 -1034 -858 558 -163 549 -278 753 1152 1271 -119 -242 97 106 512 161 -569 -982 86 -219 579 870 -207 403 832 -286 239 -37 9]
[-400 359 -515 -145 306 1217 1166 110 -24 511 -172 540 -45 1047 395 146 225 327 -260 -596 294 212 -131 460 -735 -250 307 198 -157 -586 -116 154 908 -489 32 -80 15 237 1 -243 464 139 -907 -139 -114 -849 684 -274 -167 965 -803 629 -315 -1131 1047 40 -1388 1618 268 -52 320 199 -86 -1623 -689 175 45 200 -443 -357 281 -675 -459 -87 -32]
[-189 -97 749 -44 -112 317 -93 2 64 -326 -681 -64 318 77 -541 676 298 -117 964 34 432 -14 -221 -252 -185 -156 -1787 -536 138 55 -321 -689 -508 -422 29 1312 -55 -267 557 -400 -768 -398 -104 291 32 527 409 678 -898 148 127 -180 184 -696 -389 -440 524 388 725 340 809 -571 983 1009 -166 -370 259 -627 676 -842 380 -161 -432 13 22]
[14 -449 -1086 123 597 -219 -1532 -121 73 -1274 451 16 135 -343 -224 649 -915 -630 -482 -617 544 1085 -297 187 256 935 462 176 -24 619 -67 -309 -426 -95 664 157 -596 -961 843 1379 -883 -957 539 858 -308 180 -394 1059 -137 -587 173 291 -363 213 -1080 15 774 -19 -302 509 -682 -135 95 320 -128 33 -125 318 -138 350 259 93 513 235 18]
[87 -473 -548 -354 -520 -235 -161 144 -1047 1478 208 859 235 -832 -992 -268 -946 164 299 62 -318 -673 -438 -1032 384 -445 285 233 220 246 -326 320 -292 1458 -86 800 848 198 -896 -23 -423 497 830 -155 -1019 -505 1328 -34 -602 634 836 577 -427 834 -77 -177 206 438 492 -575 80 41 524 27 142 -451 145 63 83 -183 -313 -356 -126 106 99]
[726 613 662 155 -444 24 707 -112 555 -352 -1454 163 -577 -150 478 -309 -377 108 -910 482 -315 483 -634 624 -175 -201 558 -31 -412 -324 18 -759 -206 900 486 -592 -575 -722 11 -463 486 597 159 319 54 794 731 468 732 -786 426 -104 124 -10 -502 -409 -562 -1402 -74 -1370 144 302 717 541 -287 220 705 83 -481 -372 -19 -198 485 -381 -132]
[18 -474 958 395 685 -52 408 -260 149 -309 -932 436 489 -129 -276 850 -594 -651 254 -1077 258 1246 478 -836 -90 -165 -1178 -868 -104 -122 -1126 -166 -517 4 55 371 -1270 365 244 -1625 -296 -121 524 -238 -136 1306 188 495 109 -657 -1081 -904 458 -1197 -20 232 -217 962 618 345 686 528 148 -351 -799 229 245 -194 413 -293 369 -19 -23 335 118]
[591 50 1001 723 52 -722 -191 509 664 682 586 -1071 -538 -439 -435 445 1309 55 103 -510 -101 762 708 168 254 560 -630 167 -921 605 39 -665 26 251 270 -175 -175 297 27 -864 83 67 -147 -463 295 -213 -412 96 -460 64 -493 -632 1227 884 -62 572 86 -1234 -802 475 120 380 -543 -520 413 6 -96 176 -704 145 -226 289 -665 240 40]
[-161 -765 -734 -740 -1256 1159 -92 -176 -875 802 -351 720 72 249 -270 -38 116 646 496 -106 -339 492 -629 -52 -207 -162 909 -110 -707 529 350 875 -82 802 -906 -644 436 326 -504 4 657 1149 -74 229 -3 633 1493 -688 15 -395 745 363 -383 1120 -388 -716 52 -128 687 -899 16 536 749 -170 733 -904 -139 802 433 167 -7 -302 -557 123 16]
[681 206 790 2 -657 -529 -1145 125 276 -37 -110 929 -988 -1404 343 -772 -155 -163 -77 142 -103 -243 -313 -762 -761 -304 -462 132 -424 -51 -968 -166 -910 -1205 -314 -10 -268 -1013 833 -1120 157 -465 419 -330 1008 1713 -200 83 153 188 267 -187 326 -186 174 1066 821 -643 367 451 505 38 862 -21 -240 -619 -146 374 -42 229 191 346 -64 -34 71]
[-84 893 270 -167 -389 929 1115 -51 476 782 -732 -632 530 1221 455 -64 738 172 -826 610 395 81 -104 347 370 -275 -683 -432 16 -1347 128 455 219 594 -148 688 -84 124 -187 -82 201 983 -409 251 -97 128 253 -646 -413 90 472 -1598 -206 -351 -78 -1054 -1191 -40 449 -607 677 -910 -367 -737 18 704 792 -397 -159 -24 585 -80 -212 -18 -97]
[946 -279 317 332 -211 108 1197 -561 8 164 -1286 -8 -233 1035 157 47 -265 696 672 361 -1166 47 83 -218 -954 -329 3 16 213 13 -1161 -443 134 656 62 449 688 763 -759 -1931 488 527 346 85 -865 -213 1181 -216 815 1058 -1305 814 -397 -305 1143 71 -914 215 -194 -454 -307 367 929 -295 -197 -111 -352 293 -384 -199 548 -267 117 156 -175]
[473 295 -462 662 -334 -1082 -900 108 -384 -1054 1463 34 201 -763 -308 -490 464 -695 342 -400 -43 -689 299 -299 301 223 378 -436 -32 437 1174 -337 189 -333 -33 -304 76 206 -215 668 65 -679 -428 20 563 -687 -738 -349 124 -662 370 -405 -545 532 -731 -335 699 -780 -343 -17 -1405 434 270 -47 210 9 -455 615 276 590 -360 657 -194 -52 51]
[215 39 582 -496 -516 291 -58 -189 804 -13 -434 33 104 -444 348 813 -926 492 -366 -1 616 946 -370 -1159 -543 342 -468 631 -596 152 -539 408 122 732 264 139 -191 -740 1188 309 -383 321 330 -682 57 270 253 -182 -649 527 -368 -251 818 -146 -151 692 -142 87 -397 387 1519 -907 -101 -712 -456 -45 620 -456 -318 752 -518 116 -16 -48 18]
[-133 -1251 -203 -525 799 284 -1063 -660 -14 943 261 117 238 -95 146 433 -104 -859 -313 -140 483 605 105 -4 -85 858 917 1041 -701 -645 -96 211 -428 -213 -18 1225 -668 378 -752 -428 567 -537 1355 356 515 137 -85 339 -74 -424 -511 -457 -1148 -95 652 -12 657 988 508 -1160 -895 511 -256 -782 194 588 370 86 134 68 680 -61 373 155 -170]
[776 -302 -1309 177 490 890 -1188 -612 -380 364 333 -286 865 651 -568 1234 -74 -555 -418 -129 786 1084 -31 752 792 642 459 876 -582 570 834 -768 920 -689 847 1036 -529 -700 693 826 65 -1174 476 -584 73 -223 708 1188 243 -317 -722 -2 -160 -410 -508 -682 769 1177 -720 -1206 166 62 -197 -429 -616 455 -821 82 20 -138 345 -181 -321 -69 34]
[266 435 873 418 831 -355 -284 505 294 -309 512 -472 -837 -1001 165 -530 959 153 -684 643 159 -103 31 141 323 -148 -1130 -779 -154 583 71 -853 -572 -46 -232 -882 -511 -14 -87 -77 -458 -365 355 -189 776 821 -88 552 -27 -1158 -249 -713 -197 -10 -463 108 416 -1374 -904 -135 -263 1027 406 -46 611 382 75 -574 -598 575 331 -51 225 -244 -119]
[520 -423 715 -405 -90 -554 -275 -47 -445 156 538 767 -620 -823 -796 489 292 292 -244 -213 -500 241 88 -49 830 245 -265 -573 -99 416 821 -709 -183 -73 -160 -126 -436 344 226 -258 173 -1158 102 241 15 401 -630 107 246 -310 1388 417 821 718 -548 219 702 -585 374 -676 -199 -1106 -439 738 1087 -134 -184 173 -177 -209 -234 16 175 -332 -4]
[58 1209 147 -108 -85 1236 520 -39 66 714 -915 439 -270 1033 -53 336 113 159 -738 528 -335 1050 138 -1022 311 -240 171 -254 75 -385 -911 391 384 -133 -200 599 286 -298 467 169 -283 1429 154 -172 -634 -318 191 -1123 -352 311 83 -819 72 -433 -318 -336 -218 -431 329 718 1119 -342 95 -63 -287 196 559 -458 180 -189 96 -260 260 274 -34]
[-838 -230 -1323 -327 -296 92 -370 -162 443 -518 33 -25 119 -213 -344 41 -252 -232 -799 532 577 -1107 488 412 184 245 1063 449 -53 299 660 1313 423 -64 -108 -753 361 -494 -595 1129 -19 -387 -1101 430 377 -470 137 -148 477 183 917 371 200 403 -99 270 -668 107 -496 500 -32 -602 -563 205 390 749 -55 -83 -246 -108 -814 343 -57 0 90]
[-293 -260 380 -576 -512 -359 930 -415 166 921 141 -308 -285 480 -721 -318 -78 -432 -251 -7 85 -573 376 -301 521 135 -5 -774 -19 -511 -397 825 129 636 -270 -211 -361 1112 -937 -537 425 718 487 -539 14 221 -780 -483 987 -771 14 -531 -716 -775 138 -735 -123 926 681 -867 253 237 110 101 -84 990 419 -542 702 336 -43 88 30 312 -34]
[-718 30 62 222 151 -274 1871 -718 -53 240 686 -139 87 696 -320 199 1974 274 687 -988 -193 -649 605 818 -968 800 -742 -55 -384 721 790 -482 430 -924 -80 -583 -211 832 -827 -503 82 -485 -573 96 1021 57 -181 -165 38 174 -635 364 -43 -774 606 -364 -33 1087 115 796 108 -120 -124 177 435 1019 78 -313 174 239 -485 106 -312 -10 26]
[1280 165 48 693 211 183 -558 -446 333 381 -888 345 416 313 903 303 -107 -116 369 -11 -645 1373 -63 69 -325 -382 -6 307 265 -546 -262 -671 -7 288 894 272 -109 -515 131 -554 -321 -721 199 -264 -905 49 466 1600 405 168 -133 -60 -729 1022 585 -304 -634 -99 231 -442 -648 -213 -235 -795 -107 471 -814 1521 362 -329 537 -333 -373 395 23]
]