[[211 207 1111 -329 507 -678 -179 450 -517 -591 706 -629 -595 -866 -516 -680 -34 -1464 352 350 -126 -97 -190 380 -132 194 -722 58 130 583 -835 -834 627 -126 193 767 -720 391 -68 -352 -241 341 -277 -621 -669 93 -289 -820 -589 -911 169 226 363 -451 -198 33 -332 -290 0 -1017 -652 123 -97 -503 669 276 310 -554 579 722 261 -803 -52 412 -72 -213 65 -15 2 0]
[362 -8 -304 -161 -57 -398 -372 -166 584 579 825 269 673 495 17 -385 -867 69 -120 31 608 513 355 347 74 804 36 109 32 693 195 -256 -342 -519 -8 244 711 638 -287 -68 -539 -1610 -266 212 -299 915 -368 188 724 182 361 684 -143 214 -1020 -156 50 112 -700 -136 252 -481 1229 799 432 59 189 451 -62 -1563 936 -600 -266 304 337 -338 -121 285 -28 6]
[-455 639 -256 -425 49 296 -17 369 -478 -396 -253 -769 -1480 222 195 189 -92 -1135 -309 -115 -1310 -462 306 -335 -532 -1143 -1079 140 944 -272 -692 -309 234 51 -327 519 -530 -666 603 413 114 429 518 128 -92 -456 679 412 -626 -528 -669 -1122 497 45 164 807 557 -736 608 -632 -1289 185 -547 -447 275 -142 -740 -181 557 220 -43 353 104 434 3 -290 -142 -66 1 0]
[280 440 -28 -29 -641 -538 -221 -428 -166 87 204 -43 -1065 503 -82 -322 -797 -158 -1080 -139 -326 -1239 377 1 -128 -266 -998 463 379 585 -167 -885 -775 296 170 519 229 167 -763 224 -622 -607 -435 -585 -420 -155 -447 122 -705 247 -211 -555 161 -7 -489 354 505 596 -296 -837 145 404 -109 358 1188 -897 325 121 721 -262 248 -336 348 -176 -93 -138 -95 212 25 6]
[401 699 -487 503 446 -637 313 -472 659 1295 238 -507 -1093 437 37 -403 -557 679 -531 -286 107 328 -395 49 -339 -688 -108 616 542 -600 1041 260 -380 234 132 -336 74 -30 284 532 -418 -842 193 1559 -1136 -783 58 347 43 -14 -981 -207 -744 1262 -502 1284 593 -1 703 -193 -86 322 369 32 -415 567 -466 812 -237 -642 -396 125 -359 -234 -9 -60 -42 -58 26 0]
[216 332 105 -92 -542 -306 -124 -549 1077 320 195 306 -235 -263 32 -665 -26 1060 -521 -706 -28 884 -494 372 -356 636 1507 424 80 101 163 -22 -41 697 299 -584 299 662 109 -9 -758 -822 -701 736 -798 -457 -95 797 -70 1017 250 19 -683 580 -913 -372 -179 1389 -887 -881 -38 566 732 314 -843 437 253 1901 -980 -648 423 422 -201 -396 18 77 181 11 25 0]
[-390 -987 585 -49 448 -376 -365 -502 168 -197 659 -509 197 326 -607 -173 92 -1221 473 585 363 187 826 531 -5 462 -804 -678 -30 317 -588 -907 534 -984 -167 694 89 41 68 -1059 -319 -313 407 -669 803 144 878 -1053 85 281 -393 667 437 -1449 742 -1247 -921 -350 948 972 -607 222 243 -47 207 418 -178 -1814 371 333 471 -26 163 993 201 -1 -24 38 -24 0]
[-197 880 443 378 1039 438 62 -77 -129 1031 -1548 -113 -1115 -486 60 110 -235 -9 36 -610 -937 361 -68 -260 -497 -572 -226 321 10 -1263 311 638 235 316 796 -1207 -872 -575 946 1050 301 885 133 225 -820 -369 461 1386 505 563 100 -739 -347 -133 -1033 777 1010 164 -412 -404 -500 316 208 430 -309 -30 -486 812 -581 321 -531 370 85 -559 -538 207 628 -342 54 -6]
[-287 -90 291 -223 1168 -364 -226 -1086 -164 1520 -511 374 -400 91 -688 318 -182 12 -169 -839 1024 -627 528 3 502 -321 -639 -310 0 -663 -213 -64 451 343 97 -981 933 -715 353 56 784 -43 496 -187 804 30 -159 -122 394 -165 -451 -521 339 -952 74 136 1185 323 722 735 -704 92 -421 647 -19 -456 -492 -885 1033 1205 -472 -91 715 512 232 -30 191 -355 29 -6]
[-160 22 -652 330 -1261 815 200 -632 555 112 723 -776 -845 946 -22 -709 150 183 762 -854 -1021 -400 -186 -11 553 -767 380 510 97 968 -284 -701 -590 -53 -427 1283 -82 179 -308 -106 -993 -366 387 432 -577 -722 441 367 -604 386 -347 -61 -993 1520 -375 478 811 -686 -22 -1028 561 -213 -352 -912 300 53 305 165 -326 -852 1159 630 -141 -324 -106 -176 -252 294 -27 6]
[-223 -130 616 149 -453 238 -245 -223 147 -147 -119 -48 -73 -15 -1306 -1110 495 -888 96 -720 -587 -1108 262 950 -122 -230 -94 -211 -26 -25 -387 -715 211 -296 -225 1166 -1134 52 -36 -849 -1136 716 23 -992 -971 -1312 1178 816 497 718 -29 309 230 266 -652 -608 -362 400 -353 -996 -817 319 -49 -198 405 -197 366 -112 -759 400 460 -486 -421 -15 -765 -75 767 -30 107 1]
[-775 435 250 33 192 -1538 -504 -262 65 20 666 269 -4 -561 467 -494 -109 -150 -357 1182 915 286 -294 570 555 853 -26 -173 -426 645 -218 -28 -220 554 174 -187 998 -288 -257 -703 -23 -670 -523 -169 733 1396 -1149 -1210 -153 -172 -237 1076 -125 -836 177 -978 -335 170 689 136 396 364 364 815 835 419 884 -975 1537 297 55 -802 418 259 639 -558 -639 232 -2 6]
[1063 -311 698 -344 -409 -881 -688 165 -984 -760 -189 -58 -335 -66 -445 -69 132 -429 -901 529 -209 -660 375 529 -512 -142 146 -328 921 -285 290 -862 -608 -677 -142 178 -601 527 -205 -488 -478 304 -975 -486 628 -1393 330 -983 -354 771 -363 -257 359 91 130 209 -628 521 -198 52 -181 218 -578 -404 -394 -285 353 508 -192 593 74 93 370 -244 -438 631 216 45 1 0]
[463 -334 -106 198 444 418 -102 1158 -863 97 -164 -834 441 699 -278 774 -565 34 33 -996 96 -645 508 440 14 -633 -1099 -449 257 -270 841 369 -584 -591 -90 -753 -112 313 706 680 -30 -352 658 646 623 252 276 431 735 -53 680 -107 -564 1118 -478 1300 1021 -448 -285 114 269 -1377 3 519 44 -262 -220 324 -41 -898 -76 88 -35 -90 339 171 -440 -88 -35 0]
[-776 -262 -576 -186 -186 827 -343 621 -294 -180 -1135 -55 -321 -207 -206 739 482 461 94 -310 -1449 -140 643 487 586 275 -122 -415 -184 -309 59 75 -192 501 -605 212 178 -748 1053 -275 440 238 922 246 1185 906 214 901 787 642 508 -120 -52 429 114 -36 -212 -885 360 418 -291 -941 -48 -597 122 614 507 22 -188 -650 372 378 -499 350 592 -734 -373 -108 45 0]
[546 -579 -507 -205 773 -239 553 162 -753 137 -528 497 -931 740 365 1501 -408 570 -1058 104 -524 -259 1505 -775 242 -315 -1122 363 241 262 109 -357 -59 774 -239 -177 776 301 -129 791 346 -713 870 844 1589 25 -197 -62 304 -844 -241 -1491 285 -382 28 193 358 428 320 1055 168 -568 -854 633 441 -890 -142 -47 1481 -106 -678 296 661 658 780 -207 -463 -53 -1 0]
[220 -275 -724 -680 -327 -375 -79 83 746 -511 -139 267 871 -47 568 -703 -317 165 376 476 169 416 -333 -1412 348 841 467 179 -614 471 302 185 223 305 190 561 709 1299 -687 -78 315 -639 -189 -488 177 336 -1391 -178 400 -659 464 253 25 -1034 -689 -659 -36 455 -1842 285 416 -102 185 927 -197 -468 -256 742 360 -180 818 -123 341 -523 293 -220 -4 114 6 0]
[-339 -779 -274 163 538 766 908 149 345 363 -764 -384 500 131 543 -818 353 235 829 -302 -126 791 -226 -603 327 19 249 -122 -1052 272 -112 490 667 -437 972 937 -850 392 260 250 230 688 369 600 -14 52 487 464 760 -69 302 199 -366 49 -45 -1008 227 360 -1101 339 299 -35 74 386 -426 653 -461 837 266 383 345 843 -270 105 32 -316 407 36 52 1]
[756 311 -88 -310 -681 881 102 -201 459 344 -440 447 -195 15 171 1149 -815 929 -244 313 -1205 28 -338 -462 -303 -88 279 720 415 -677 92 26 266 521 -640 -321 -44 -357 447 1122 -159 -518 110 -376 -866 292 -313 2259 228 765 221 -965 353 433 -110 756 412 222 -733 -72 496 -301 296 -520 873 -489 325 723 -1639 -858 17 85 25 -314 -45 -102 238 -62 52 0]
[-557 -96 490 211 -1172 390 -40 343 786 -1776 822 167 -19 -747 -464 -143 750 -373 26 -154 226 251 -1124 1034 -387 121 93 -103 -51 316 -777 351 1129 299 -267 -607 -208 -520 912 -978 -779 272 58 -764 -764 -188 445 545 -693 794 175 148 -156 -477 951 -793 -779 235 508 -381 554 413 -423 314 207 288 723 -839 -728 194 -516 265 -91 -213 61 -32 -973 68 121 1]
[-878 88 372 -336 -507 -317 -906 514 -524 167 -934 469 -1359 71 -586 465 885 -66 -731 -726 -526 -986 643 681 34 -316 -427 -800 288 -46 -216 -384 -391 197 100 214 -33 -743 1483 -387 18 845 615 -104 152 -567 693 -5 140 933 186 -862 650 345 -514 650 751 -35 610 -115 -907 -37 -271 36 -583 225 -60 550 366 -72 -274 97 -289 442 233 -371 -357 -101 24 -7]
[-329 -135 213 227 850 -608 -159 1105 -1153 -347 582 -272 273 -431 -311 -162 209 -278 -101 343 837 291 478 513 -53 -607 237 -757 553 352 -701 -492 -171 -430 87 290 -423 137 49 -323 510 475 -346 1074 29 -174 97 -723 68 -671 -670 63 365 1141 43 259 82 -576 1176 249 -1069 185 -225 -579 -271 859 -121 -222 880 647 -447 -488 -928 469 -579 -152 -26 -39 154 2]
[228 187 -627 32 906 68 529 -329 -99 311 -1031 -224 -1198 -1558 -335 -306 535 -515 530 -516 -1161 505 -799 -1153 801 127 -1004 708 -787 -284 180 886 89 157 274 275 -694 -757 -284 -175 1475 891 318 -47 -209 -83 -635 -56 -49 -1423 156 -560 -322 -347 564 609 185 -1022 289 -98 -168 85 -955 -691 -260 -76 63 0 552 151 75 187 -285 -126 -131 -557 -88 -173 13 0]
[378 466 210 693 1382 -193 285 644 375 1008 213 -186 980 -411 -746 -328 -54 -592 638 -703 596 -710 -398 -450 238 -43 -1546 422 -1023 -763 1329 525 181 -92 114 -513 -1116 717 -740 283 426 134 906 258 -631 -79 -450 -123 781 -1484 568 1042 -529 259 -97 935 106 -124 -191 -508 -576 -203 653 448 289 -367 -861 5 -301 -819 -537 -976 -314 -66 203 67 493 -318 -134 -7]
[1000 817 -537 -554 -326 1148 80 -278 -294 983 982 -38 962 421 -208 208 -1094 101 -302 -379 957 -539 58 -362 -52 -632 583 223 578 49 -270 -1116 -92 104 -1304 711 840 256 -138 58 -3 -1113 355 -435 -178 777 -551 622 -141 -708 -424 -327 805 1067 -132 1375 294 -181 -284 -562 -563 -1140 452 -680 875 -2 -310 423 -180 -801 698 -732 -244 794 499 -43 329 -302 -7 1]
[67 -249 316 165 -13 220 407 -748 1014 773 -597 1065 273 795 -104 -677 46 729 -777 -296 125 -339 435 340 450 962 319 673 -375 -371 609 -59 741 -85 -123 -1 -292 -46 -828 103 -753 -154 -350 92 -193 -136 668 533 521 1860 -126 21 -416 -89 140 -1051 -1105 808 -165 729 703 191 700 425 708 421 546 156 -461 -552 -428 804 -345 220 232 -514 674 382 0 -1]
[-611 92 -76 190 -1484 359 -11 158 -442 -985 982 -938 646 -257 -102 -486 7 -578 33 211 -7 -837 -760 204 -288 265 154 -560 -442 680 -1450 -62 -344 41 -5 1040 -668 246 -113 -100 -240 -231 -44 -873 -160 1251 -412 662 -634 -358 734 477 154 576 457 -458 114 701 -524 -1419 214 675 355 169 336 79 946 -22 21 619 1071 -420 -189 15 273 169 -288 -229 -48 -15]
[895 663 156 917 4 -159 906 -1426 -428 773 791 -513 -652 907 -452 338 -663 -247 107 -911 1496 -480 -25 -296 413 276 -399 396 -380 522 460 -12 -136 -48 918 -748 902 462 -383 247 -60 -421 155 106 -452 334 -124 -1252 -957 -680 193 -171 -1024 -78 -280 1037 822 202 89 -14 1130 182 6 759 25 166 -161 -103 300 510 -529 44 519 -338 71 934 28 -49 -163 -8]
[-1106 -826 61 672 98 -763 -303 580 -8 -250 222 -566 641 121 -631 -91 676 -160 -346 271 15 -742 699 334 195 193 -595 -1384 -1325 -186 378 454 -365 54 -146 1228 14 18 -412 -482 -324 326 1264 -311 873 -123 67 -717 403 -162 166 328 317 -218 192 -772 -909 197 942 968 -762 -234 -89 -451 -329 739 713 -1558 695 93 -200 -301 -614 989 751 -572 -181 -124 -158 -24]
[197 12 179 132 -388 97 -128 709 -1070 -401 -1280 336 245 45 531 871 -296 141 -139 286 -449 -1621 474 -351 169 -686 -374 257 73 -251 366 -463 -184 618 -206 64 438 97 530 -72 451 993 498 -812 644 -418 -1 800 859 17 -264 -481 492 -659 -127 515 520 410 -244 544 421 -348 -584 635 1159 -549 -469 33 282 379 -618 -943 424 -317 -167 60 -306 -155 49 37]
[-312 -523 -472 -246 -757 421 -68 -1109 343 947 626 269 -83 445 -83 135 451 605 -207 -830 127 817 77 359 -61 -950 695 -775 132 331 -618 -46 -1258 -683 304 245 49 -202 -588 467 21 -259 -584 672 -3 -878 329 240 -346 873 -371 -282 704 1158 -395 130 1046 341 -267 -100 -365 -90 55 -685 -1502 -381 -558 939 -707 -565 585 308 -101 29 -991 267 495 175 -22 6]
[132 -480 -215 564 404 -1166 -384 536 711 737 -570 1053 1361 -161 -319 -273 74 1110 -352 245 1001 -493 425 -613 -65 619 -330 -43 -531 -749 715 387 695 -40 316 -123 210 780 -858 283 381 -56 822 118 -539 -569 -475 622 1615 112 464 -211 265 -364 -461 -220 -80 1088 -279 1656 162 755 703 1243 75 28 -310 -173 203 85 -684 25 -384 255 -42 -355 234 94 103 -29]
[-66 337 235 348 314 470 688 -346 109 -475 52 -1402 -1170 172 -136 -897 -741 -1222 788 705 -400 813 -793 -492 -318 -281 184 110 411 44 -1344 -32 917 -969 340 166 -880 -644 768 -94 -402 375 -478 29 -1111 -173 591 -194 -1216 324 -1042 -255 -508 -224 855 -104 495 -1063 422 246 -224 1006 -1064 -723 534 1279 -74 -1053 -30 1017 182 1274 147 -542 -668 -105 595 -13 316 3]
[-175 508 -155 107 -283 479 -27 643 -973 -1349 -305 716 410 -330 1126 412 142 -760 581 492 -1103 223 384 93 -242 -869 15 387 375 367 -205 -530 -88 -227 -71 -423 -544 -625 450 -121 274 524 -278 -394 384 -45 504 891 1050 -114 -71 -142 -281 -361 -824 -135 397 -290 -276 -665 -336 260 -43 530 420 -1116 -343 382 -45 -537 -12 -474 232 -572 -681 252 -167 26 89 23]
[50 312 -348 488 -143 397 -33 91 54 -511 832 -205 916 289 169 1165 -535 336 49 231 195 371 269 -622 207 444 -325 -261 -922 1099 686 513 -620 -7 139 -247 647 -130 -599 -169 -461 -770 663 -479 333 1104 117 -102 -885 -860 1278 290 -424 162 126 -157 -548 -338 -229 388 1455 -915 185 -133 1315 -847 827 -620 -84 -1432 339 -199 441 249 294 295 -454 289 -51 -15]
[628 -294 995 622 -15 -320 -248 637 -1068 -1124 -1063 -194 -225 -278 8 1669 -416 -578 458 1234 -1019 89 458 213 -860 46 -329 -369 -297 -769 549 40 -505 -199 762 49 -233 -185 893 365 53 1092 -373 -1068 252 255 -437 -919 -155 522 219 -168 454 -1132 -215 23 -130 -206 -733 622 292 58 -403 -425 365 -72 270 -608 -599 863 -844 14 601 -815 -454 896 234 -172 -121 18]
[143 651 648 9 828 -473 -857 310 -127 547 173 -727 -1243 -728 -560 -817 -409 -253 605 -140 490 191 -300 267 668 -500 -1154 -354 -67 60 326 -1434 382 -141 977 -170 234 476 445 -16 172 70 784 17 -994 213 -1175 -527 -313 185 -9 -240 -534 -316 -949 1638 748 -1286 199 -40 15 -636 293 -215 117 858 60 -217 167 300 105 140 -41 -231 -264 -49 -457 -205 104 -30]
[-803 527 -754 62 -1 355 787 1749 -1103 -965 -264 -800 127 -756 162 -828 119 -189 -556 292 -172 -695 -444 178 74 -1131 -933 -646 -127 329 -271 336 -585 284 -728 707 -633 316 -204 -697 421 485 432 613 540 215 9 378 -130 -1858 -176 906 572 1300 943 162 -509 -419 289 -553 -39 -548 -885 211 468 139 221 -125 926 607 -53 -1055 -128 141 -269 -460 -195 -11 200 36]
[115 -512 -565 -336 638 -319 -127 233 -580 -1050 -793 96 1012 -267 406 1364 679 491 25 -180 -250 15 -76 -646 291 318 47 78 -7 -881 295 528 309 1036 -243 -656 540 19 856 -63 707 -178 762 722 1958 626 -220 403 774 -1363 269 -228 -361 -67 1119 -230 -230 559 424 389 -309 -92 -531 765 -476 -614 -281 283 274 665 -392 269 545 113 847 439 -802 -410 25 -26]
[362 -190 518 -441 -506 -838 -262 -1339 1462 795 1682 218 870 -4 -614 -991 427 188 101 -304 1054 -648 -1272 -69 119 -96 304 144 -439 299 164 -315 606 436 488 1270 9 633 -798 -10 -966 -116 -50 -275 -1163 -1012 -545 -55 -466 -612 86 707 230 531 681 -224 377 1602 -1007 -1162 -189 468 409 -1120 344 -34 -363 639 -383 605 588 -967 240 574 -160 128 383 85 -139 -4]
[409 281 440 -256 -596 621 160 661 -334 77 -1323 1205 -339 -794 170 560 -159 303 -754 166 -1191 -240 179 -67 -766 -350 -308 618 102 -490 -264 -12 351 -341 -621 -698 -636 -843 450 261 309 765 -68 -1611 -539 -714 708 2053 538 1103 80 -1148 1238 -155 271 518 -258 481 275 277 -305 316 -376 -109 407 -820 -156 152 -1026 -1229 -611 60 -185 -19 -154 -440 147 -182 5 -5]
[295 1105 790 675 113 -879 266 560 -682 -822 784 104 43 -1206 877 -190 -348 214 -946 577 212 390 -586 166 -8 374 1004 101 -375 494 -255 -132 100 1005 1001 -1201 -46 573 -693 510 -212 -213 -1232 327 39 674 -1369 -231 -591 -340 523 70 -281 113 -773 -323 -41 1697 -586 -1001 -82 438 131 112 832 531 884 1122 952 56 -302 -1067 55 -264 -89 -70 319 315 272 26]
[63 -1017 651 770 1397 838 780 -758 -368 810 567 -957 337 -827 -1317 -486 -132 -19 696 -1140 961 401 114 474 -144 -336 312 -305 -862 346 -740 59 -208 -74 1143 -368 -449 137 -301 -220 283 521 212 266 -177 -171 886 -202 -680 -290 43 405 -568 -99 568 -30 -138 391 554 -358 198 -127 -123 -803 -743 480 8 -710 -174 875 -282 -490 -318 124 -490 644 181 -830 -194 22]
[202 -987 -381 -872 -811 1358 780 -795 -254 63 -37 858 -1002 -210 439 356 753 435 376 -783 -1175 -44 659 -150 410 -96 -150 983 264 839 -1775 -879 1140 -103 -416 733 -174 -530 -423 568 1127 156 403 123 725 239 -20 800 -457 -757 278 -1531 601 -186 541 -266 -29 -49 -204 -538 284 495 -489 -1327 -171 -741 185 382 -148 786 833 1373 423 1087 221 -158 -260 -57 -234 -2]
[1114 37 -33 -239 466 562 109 -691 -636 296 112 815 -312 148 10 348 306 65 666 -555 122 -300 327 -174 744 19 193 794 209 -325 -326 531 816 -249 -695 -745 422 -125 -536 915 861 -103 19 326 878 55 -911 -600 619 -544 -72 -623 -667 261 183 1270 851 -1157 142 -119 822 -1245 -1204 -530 -389 -476 741 -1165 213 -20 -109 -98 305 373 688 74 -598 223 -230 -37]
[-108 -988 -46 124 -127 167 -666 449 -533 -310 -314 -1482 -704 1062 -74 267 -638 -743 63 280 -750 -783 1540 354 -1056 283 -2036 -666 199 278 -65 -798 -781 -605 1199 1316 131 126 -75 520 137 -34 498 -755 497 1119 270 -889 -963 325 759 -523 117 -1262 245 108 -182 -469 147 213 37 128 949 -597 120 402 -461 -822 585 336 494 438 -73 366 384 298 -452 -213 -419 10]
[-289 479 213 371 37 -476 -301 -978 445 706 677 -247 -655 -628 -1211 -79 805 -289 135 -325 748 -459 -1323 -289 785 -82 194 -351 13 -395 -101 177 588 698 -480 -504 71 -224 643 -856 -838 108 799 -40 -685 -593 366 -74 -707 -381 -376 -45 -792 161 641 565 669 231 1428 -548 -598 742 -142 192 8 234 322 -475 -108 883 -144 156 293 -53 417 465 -229 31 -46 4]
[358 -218 -3 122 407 1590 131 18 -516 11 -299 48 -315 1198 -180 501 -414 -693 114 -506 167 -114 877 110 -815 -300 -822 73 479 -285 -204 -440 571 -941 511 -1068 -1044 -797 684 384 309 6 457 -383 906 474 1459 -371 53 919 342 -447 -106 -735 39 436 159 -467 124 262 -27 -138 -172 772 -72 -596 -363 -417 233 -84 -568 923 379 272 533 646 184 -222 29 -24]
[424 -783 -1028 -645 233 -122 -433 42 978 -79 126 311 376 -94 -346 884 -153 279 -822 -168 -1016 1542 800 335 -509 640 14 90 199 -782 386 627 123 -138 -326 213 403 724 222 455 -361 -1283 265 618 50 -300 453 1433 890 215 1 -345 735 71 -669 -440 -948 410 -693 537 -931 -837 598 42 -679 -571 -373 1007 -1146 -1756 297 211 -705 164 465 -469 -316 192 -94 -10]
[94 -902 -520 204 -585 823 1047 421 107 157 666 943 1197 535 -639 1108 101 557 287 -124 493 676 398 293 490 282 708 -130 -178 604 -377 334 422 63 -709 169 -107 420 83 566 372 -649 215 857 333 1106 -675 1077 1148 -308 547 673 613 1489 54 -432 466 197 -768 155 129 -204 652 139 10 514 208 1054 -672 -337 -11 -343 -509 180 -37 21 299 -183 46 24]
[614 -336 154 -1060 -532 -720 -444 320 -61 507 -317 921 -70 -371 1371 294 25 1716 -943 336 492 157 -509 110 310 1121 -189 256 202 348 -46 185 -428 -198 -148 -547 376 -229 -314 600 630 -638 -813 91 245 718 -916 -94 390 468 447 -547 566 318 266 746 -112 478 -307 681 907 -381 57 -190 0 -197 401 1050 119 -1049 -244 -24 -98 472 340 -701 -324 543 14 18]
[-191 -457 -671 -339 -456 472 -142 635 368 -204 -244 516 220 398 141 279 93 371 35 1125 -147 25 388 -618 37 154 214 11 694 -162 -991 -268 719 -154 -776 1295 140 62 494 -2 0 -56 207 144 -325 865 379 825 321 -407 -604 -359 452 -40 935 -211 -293 -930 321 540 -289 -169 404 -640 422 576 16 -595 -329 123 -82 80 -924 679 252 -803 -85 300 -44 0]
[399 -303 -376 -102 1716 84 316 -409 356 1193 -446 1247 539 549 -870 808 -417 356 -439 -122 367 -167 1216 -291 369 854 129 348 204 -679 649 263 423 127 -136 -1049 -412 -124 -579 521 715 -948 256 800 -37 50 506 939 1163 -457 256 -434 16 170 -636 -608 -176 78 697 291 -698 135 634 767 -9 -665 193 519 -487 -186 -669 -211 -319 200 -69 -94 1146 -473 65 -13]
[168 254 -762 137 557 20 333 714 120 849 -295 279 512 1322 567 -446 -334 -153 -131 -327 453 -169 342 -807 -222 -152 -234 59 387 -821 616 780 -106 -1167 261 -405 37 962 -423 1078 465 -705 105 1379 51 -269 357 -446 1006 -731 111 -291 -82 499 -653 998 845 -84 113 30 -442 -231 313 888 -1168 144 -745 483 71 -1155 -545 120 -95 223 501 -296 151 318 -177 37]
[-107 110 289 1045 391 -434 698 589 449 577 -295 490 1121 443 406 -324 350 240 949 844 141 377 -1076 242 632 30 1008 -161 -780 -295 272 1484 585 -347 847 168 -1011 -89 554 548 -632 1016 63 593 -1585 -645 324 1048 1403 6 108 766 -724 1071 -241 -383 483 166 134 904 628 216 47 520 41 909 285 554 -991 4 -800 -416 -337 -938 -967 -497 417 67 290 -19]
[-733 -775 -822 167 -442 172 -403 526 -92 267 216 13 -54 655 -556 256 -490 619 -1272 409 -250 -253 785 574 -136 104 -798 -741 530 555 -401 -88 -694 -2 -711 420 251 -617 683 -677 -90 -1244 400 342 722 946 614 1421 1029 557 -78 2 500 414 901 -917 173 227 1035 171 -273 134 594 606 842 34 624 -198 586 -1066 775 -280 -917 1019 658 -347 -810 73 -33 44]
[-196 -126 905 83 488 -482 429 -81 -175 -188 -342 79 -1196 -1085 -1219 -377 212 727 -800 -367 -66 -187 -1049 849 331 -368 -1178 -110 -202 -46 -467 -117 449 1742 333 -1299 -255 -694 463 242 -18 336 -592 -73 -875 61 -1295 1065 -292 181 133 -423 -214 -77 389 269 804 582 433 -889 -179 215 -1133 -90 671 267 1091 -234 413 1315 -1375 -747 -179 -558 -389 -632 -59 -55 583 16]
[-131 1149 892 -683 274 -1030 294 244 -411 62 -672 -261 -768 -822 619 506 -688 342 -563 594 -614 -676 -358 -628 -506 -105 880 532 305 -301 362 -445 355 2076 -639 -329 801 -139 636 507 294 191 -60 -330 -778 -197 -1000 725 -613 -162 -407 -1078 510 -521 -780 769 222 657 121 -589 -300 133 -131 56 779 122 -338 498 385 761 -606 -947 393 -148 -173 -159 591 -640 73 -19]
[332 -171 918 1 768 -248 -2 101 -1350 413 -592 -493 -1415 150 408 495 -120 -835 -40 1243 -764 -85 903 -808 139 -573 -997 395 353 140 -486 -1538 -346 -317 373 1355 -1243 536 341 985 232 733 224 144 -34 149 -102 -352 18 -142 -207 -768 680 686 -593 1018 311 -732 98 221 860 86 138 -458 1029 122 426 -168 762 837 -8 93 340 591 -649 342 142 282 42 -108]
[-138 -298 506 -452 -276 195 419 544 -36 -428 405 514 1341 374 129 126 560 -352 256 1150 554 -984 -396 -424 372 672 882 -84 282 -106 -603 630 526 -415 -750 -197 -791 -22 -587 192 -125 213 -100 -316 544 -142 342 -639 164 -414 507 478 354 -190 1549 -759 -677 -182 131 332 1143 -524 -110 -79 117 -320 135 -948 264 753 22 -82 397 277 88 279 188 -183 -33 -14]
[-419 163 165 636 -649 -508 -231 517 104 -690 778 -584 -328 611 123 -365 -720 -142 -1794 -38 440 -961 862 656 -1576 -554 -398 -176 399 577 -113 -177 -58 157 576 644 -646 136 -201 -178 -1001 -32 -76 130 -866 -474 711 547 -646 519 -743 -497 321 412 -705 -522 -704 1279 668 -614 -738 1318 671 252 184 426 33 118 451 -290 -591 -93 -1004 505 473 -382 -583 -494 -5 32]
[-432 177 425 -91 -197 1098 331 474 -137 -1381 -234 376 -908 -1004 -817 -183 1278 -775 229 -1733 -1957 -827 101 654 63 -223 -890 907 -267 1183 -840 -194 75 1291 -397 242 -977 -196 -472 -189 -207 1142 115 -548 -462 -651 718 931 -1200 -337 1371 -260 -284 176 20 79 -244 259 -195 -1738 303 -177 -545 -403 513 -1333 389 -215 -56 -382 121 -797 -18 -306 -288 -297 -377 -23 -202 8]
[287 -406 298 -97 -161 21 -620 -243 -5 282 -1411 23 -456 391 -80 345 -553 893 -784 487 -508 -217 488 90 -1 220 -141 -812 274 67 -217 -666 -844 -49 38 -206 520 3 654 -449 -563 -178 -540 -487 783 -138 -102 423 62 1540 -258 -439 56 -897 326 -726 183 952 -436 572 -374 110 -385 234 143 -189 371 271 -380 -385 520 850 486 90 166 17 -38 219 -103 97]
[529 151 -200 -888 204 102 -744 -598 -199 441 515 47 -308 665 -130 311 -1193 -212 -881 677 601 689 536 433 -844 -139 99 -743 1384 -243 -573 -909 349 -565 55 -432 375 -498 1010 479 52 -1046 -98 248 109 182 158 62 -54 797 -460 -1032 758 -572 -616 597 691 109 -43 972 -456 32 393 369 -14 -200 -376 329 47 143 497 417 549 226 -184 496 334 -115 169 -41]
[-710 -880 618 -560 44 766 -172 650 53 -1139 -153 -811 -682 1188 168 -228 200 -1068 827 -630 -624 -778 391 -632 17 -134 -1145 240 -460 686 -413 -743 197 134 54 518 -178 74 141 -282 -531 1035 677 -485 223 -758 732 -1355 -1562 -403 -39 -391 -249 -1530 295 -329 -387 -673 161 -41 246 6 -1046 -122 679 -637 -858 -1189 369 345 11 815 756 -417 472 374 -236 -151 -259 -100]
[-68 1056 -970 142 -416 41 451 443 305 -251 422 -232 -306 654 1320 -82 -758 -136 158 1369 -382 272 -581 -865 227 -478 -96 437 9 371 725 709 304 -113 -95 1339 -201 182 17 406 -383 -261 989 872 -801 -46 -13 590 821 -691 -648 69 -117 209 -701 830 441 -811 -515 221 1419 -902 442 736 1334 389 -209 405 637 -828 -35 -1008 -138 -151 116 -259 -768 485 14 -51]
[-1163 665 -295 46 -68 1231 261 -608 541 1050 -396 297 -1058 1293 657 -1017 -396 -697 -270 -366 -757 -438 959 -857 199 41 -651 857 -121 337 -435 11 -624 -308 250 532 -435 -408 -1480 1183 -267 -63 -694 -223 87 1037 246 83 -272 459 -275 -76 94 -154 -38 -428 134 -431 -215 -815 356 400 796 369 819 -651 -336 -1004 434 -818 468 -128 110 301 -187 -104 542 385 -152 58]
[-513 160 1031 -523 521 -870 168 842 -463 -1095 -602 -690 -1254 219 536 47 -412 -456 -836 518 -1410 -523 422 200 -777 -436 -566 22 178 -325 -224 -262 747 138 451 495 -666 -189 450 884 -633 216 -50 172 -48 -778 267 151 -838 550 -341 -1096 79 -122 56 -249 -116 770 315 -410 -617 760 -553 -368 836 75 426 -304 689 663 -497 1005 659 214 197 284 87 -272 64 16]
[381 704 -668 375 175 759 235 -127 88 611 -1049 781 -244 -130 201 965 361 26 -333 525 -811 647 -184 -246 -945 -515 -1088 202 705 -946 858 82 -583 -868 -578 -437 -774 -1370 1079 -328 76 33 110 433 -516 135 1073 395 361 378 -269 -417 144 -18 1060 527 -711 -825 1031 651 -450 532 286 -257 -691 -430 -789 146 -1219 -1482 -737 594 -292 317 -70 252 228 -88 316 239]
[576 -575 576 10 -128 -575 -256 1310 180 -916 224 -905 -982 18 -420 -907 101 176 545 199 -773 -477 85 -246 266 -23 335 699 315 710 449 -1040 -93 772 131 476 -941 1646 -490 621 -784 189 -563 338 -781 -1088 -1197 -1129 -837 -151 -41 -217 -755 667 -1071 587 -23 -332 -942 -1317 391 -316 -927 -942 423 27 540 584 280 125 -177 171 123 -1313 -340 -71 184 -101 -65 184]
[55 7 626 412 -224 -242 328 -691 351 -46 77 983 105 256 -331 255 -150 236 -586 -723 199 -946 47 514 446 -225 316 700 -214 156 618 224 393 634 -488 -501 52 -814 -87 -599 -349 -184 -4 -418 344 -642 386 804 771 453 -580 -523 -280 702 -94 -229 126 1008 877 428 458 103 -456 278 1158 -508 624 -231 -85 -59 -984 -736 -10 202 104 -392 -218 -376 -151 -5]
[-496 114 -309 -708 -127 114 -388 318 -174 -795 53 12 -825 501 39 -263 -239 -1382 -334 733 240 -292 377 -190 -84 366 -366 -481 957 323 -1140 -335 271 -606 -544 678 86 -168 269 -240 892 287 -749 196 671 925 -308 -1464 -885 -152 -428 -257 688 -715 1528 -587 29 -1542 559 351 -644 323 -590 -503 -275 848 197 -997 1288 903 390 790 -279 852 312 -734 -34 268 31 172]
[-570 208 585 190 623 -328 -189 -180 -474 565 89 453 -204 -896 437 -658 627 -545 1158 -30 420 -243 -678 -102 896 -965 565 -90 -430 120 -1331 452 541 -444 903 167 -732 -397 -36 476 673 1734 205 587 -87 -289 -804 -741 -543 -323 -476 337 -114 764 266 840 1489 -756 658 -370 123 179 -585 -713 -307 528 23 -745 578 773 -71 -294 332 -171 -357 104 -640 -156 -22 -100]
[291 363 1000 -475 -48 268 -65 173 -1370 -1340 201 -774 458 -670 777 591 98 -413 633 183 313 -274 -722 366 -49 283 -27 113 573 -423 -753 -210 688 379 192 -1305 -564 831 138 247 1396 629 -854 -674 1350 1040 -933 -580 -706 -563 1118 962 -116 -482 472 201 481 408 -1247 -839 190 109 -114 326 -58 -337 176 117 -137 2272 -325 -265 1002 -614 -68 788 8 256 -295 -46]
[675 305 410 337 4 -391 78 -157 -308 304 -447 1088 -356 80 881 17 -195 468 -719 477 -133 -116 -207 287 -751 -54 -213 351 -485 56 147 -23 190 -390 1592 324 -774 -544 74 971 -266 -202 -106 286 -339 573 -326 160 -342 103 191 -160 219 -458 -768 524 285 1234 -771 -734 901 443 278 678 93 -476 741 925 530 45 -289 -532 200 -11 516 298 84 169 -264 -108]
[489 617 241 -152 361 -715 -576 -181 -982 891 -426 107 -644 -170 376 49 -304 -168 480 706 -17 -727 857 -315 974 1136 744 88 -293 611 -354 -320 -24 2 890 824 167 285 -534 340 601 271 175 -298 469 1165 -1340 -1166 314 -902 783 330 134 -634 -1458 -42 916 -621 -1118 -471 626 -394 -135 122 885 12 1043 79 1381 1406 906 -976 663 11 76 -234 411 103 162 -134]
[-110 243 464 39 -1027 -321 33 -434 437 193 -95 220 432 1267 1061 -266 -57 737 768 474 -2 271 -270 -349 336 36 2267 155 -320 592 798 -247 -825 -206 -524 619 264 422 -99 -474 -949 -217 -662 122 144 -453 436 -729 -358 1141 -465 977 -872 802 -482 -468 317 239 -802 -26 1153 -111 239 -173 220 248 268 629 -412 -765 558 41 308 -999 -70 14 555 325 -147 51]
[1042 -165 -40 -139 1470 -591 816 238 -410 679 381 185 1006 291 -339 -359 -876 896 -583 46 1767 545 330 -518 661 1006 664 71 -682 373 1212 116 -441 533 -38 -640 1001 915 -495 130 346 -1058 36 1199 -2 435 -506 -785 662 -1667 375 170 -58 887 56 327 -501 373 366 502 520 -879 -152 69 -718 211 261 735 608 -202 -472 -882 -726 73 314 343 623 -502 -19 54]
[363 -730 -256 -643 470 104 -108 1141 -51 -1164 741 80 218 -1111 -90 -347 260 162 14 -646 123 705 -33 535 -53 262 975 -190 147 837 -589 -190 959 340 106 -809 54 624 213 -507 38 -458 -347 468 1046 -68 -125 -677 -293 -515 533 -141 -529 -171 49 -975 -318 296 -619 -663 -467 -570 -888 -359 -801 -33 573 584 737 107 458 426 -147 413 526 -304 -561 168 14 -17]
[1018 201 1130 -255 -84 -422 -140 280 -1118 -233 578 186 -553 -683 -637 257 178 100 835 110 739 -634 27 -220 33 364 372 5 -144 565 116 -1276 77 825 71 -530 -30 1384 117 -35 155 -396 -233 -1042 112 245 -1159 -1770 -899 -877 959 -106 -123 -150 -1277 1048 414 435 -765 -946 48 376 192 510 -32 -761 579 956 436 1018 -43 -531 895 -678 533 1113 138 -435 -131 9]
]