[[-712 -510 -121 -631 211 -699 309 740 -48 -173 -1045 1238 -191 -721 708 64 209 630 1370 1388 75 -83 205 634 -1092 -165 -714 -943 -132 -132 -133 -766 -499 -219 525 -41 -437 1409 417 -568 -1119 -15 -593 -86 455 -152 210 91 -564 -842 -358 429 -73 -37 -502 -453 -515 -541 -173 469 -359 -67 254 265 -62 373 -202 288 561 280 -198 227 827 513 -679 155 227 539 400 108 -477 -340 -56 -98 -46]
[-703 -644 430 60 568 -604 -524 144 610 -421 -421 693 301 -1234 -338 -461 34 239 1624 976 -449 -371 -1272 845 -478 -805 -540 -665 20 120 699 -438 104 215 -312 750 -90 -432 -390 -244 361 588 -215 745 103 -805 -35 121 -427 -222 -49 -313 351 59 130 -345 -1246 -621 -1396 279 -1191 283 -837 1561 -465 407 483 -163 -514 -146 -678 270 -143 -145 -474 266 800 333 67 282 912 -24 -21 -351 -93]
[-230 -795 -318 -397 137 389 -18 -1019 197 167 352 -167 -647 786 57 481 -839 695 -716 -1003 -322 123 -134 271 1106 -226 52 -85 -942 -295 -554 1073 1049 206 662 -1125 -347 542 1041 1123 -46 -331 -298 -1403 -815 -423 356 -89 685 124 151 -564 350 -611 -866 494 375 -417 -1041 -419 422 203 12 -1417 -50 134 501 -269 425 -803 726 -646 259 56 346 493 -411 -448 -19 32 -25 0 0 0 0]
[-655 375 -325 373 -1141 230 877 -105 -1399 39 -577 -494 324 1224 -764 -3 -44 20 -1136 -693 229 393 -393 187 -190 -391 642 -357 825 95 -2 549 -55 -61 1103 -889 -354 1360 712 216 -408 237 710 -501 -1323 607 618 954 301 -49 138 589 -475 464 1009 -193 -245 -1027 1502 -75 220 -714 -1602 517 -313 -579 -220 -306 570 483 676 -787 -356 250 -102 -327 -539 -492 -33 -360 -372 -130 105 121 47]
[147 -55 353 -362 781 1166 -24 564 453 -77 -905 857 -319 -1256 584 610 -1056 806 1417 530 101 324 -18 390 -243 -226 -865 -1559 -359 -1142 -929 -365 -467 494 -1466 1532 464 -1058 335 -627 -674 -464 247 556 1842 224 -780 -319 11 -639 -275 213 221 444 -416 -176 -710 194 430 -67 -168 1559 -185 188 546 457 -40 704 -94 -1004 -204 963 38 813 -503 23 -19 941 1020 210 -409 -398 -324 -47 -47]
[563 191 717 194 -1084 -529 526 -86 -804 -1169 -756 13 -239 663 827 -333 827 -452 79 418 -14 83 1257 -474 283 -1051 56 689 153 -151 690 -774 -1332 287 1539 -962 -1091 1234 -473 -119 282 -37 6 -99 16 537 -152 32 -876 19 -760 394 409 468 795 728 398 -818 569 612 140 -1402 1050 -508 -161 -1297 544 1108 708 2007 212 83 587 -91 34 -1 -222 -178 -226 -266 -562 -143 -11 121 47]
[414 16 595 -917 -249 402 -170 654 1549 -799 997 88 -968 641 596 -250 -332 388 -24 378 -693 580 1641 -702 1840 146 238 -1406 157 -836 -283 1031 88 -173 230 -942 -744 916 551 1089 -1067 -612 99 -405 202 -87 -690 113 -121 -215 -448 -912 -99 630 -596 395 422 -384 -46 -77 575 -287 686 -1687 -1048 -676 -107 984 636 -541 -114 644 -153 560 -160 130 -870 -144 94 -173 -340 212 74 126 2]
[-1477 -167 -865 271 133 64 1499 -402 -795 1153 -168 -682 -972 803 548 -89 291 -8 -970 519 319 -196 -1120 1030 -845 -31 -55 164 83 392 -43 615 840 -745 -18 -375 -120 1205 -73 -544 -396 213 -1106 -1705 -812 1044 778 296 821 -880 -5 -2 840 -584 -10 -845 24 -436 1239 -399 1064 -520 1365 320 -51 388 -48 -644 1343 47 394 -1451 -13 370 -847 5 -223 412 599 61 -858 -245 96 166 48]
[1091 84 676 393 -488 -326 61 -454 -934 878 -817 756 1389 -1327 -270 215 906 296 1037 -357 -329 403 -734 149 -1198 812 -317 560 -74 148 193 -864 -60 6 876 645 468 -696 -17 371 1197 950 -176 482 697 -675 -700 -273 -727 -502 332 320 -306 -458 -38 -83 -823 333 -958 69 -646 -178 232 -357 -450 778 -837 -1082 -650 1521 235 -410 1156 -659 1125 -391 438 -71 -237 208 506 107 38 -166 -48]
[141 557 -559 -567 883 -577 102 479 1021 104 546 302 47 1228 491 139 78 936 185 1856 -455 -528 1269 420 -467 243 -53 -839 286 -137 -811 975 -705 -104 51 -246 -902 2008 -340 -722 -775 -699 -596 654 -763 -310 1052 637 -29 -228 -480 790 -1015 -121 341 -1024 532 114 1581 -40 673 81 805 716 -1248 281 -414 -141 1014 486 347 44 -544 690 -980 0 -97 79 444 -532 -525 -243 106 81 1]
[655 263 -317 -546 -116 619 38 -760 390 831 -452 -663 103 375 946 1172 -898 905 339 -684 -371 -1186 -47 -20 -100 -1379 -608 -513 -259 465 -787 585 -339 1195 -763 -727 -732 403 1046 -1153 -137 -806 -823 -167 -178 -377 -164 -978 734 470 541 183 882 -391 23 1318 605 407 -193 -50 -112 1782 -474 -15 248 -219 707 886 288 -1399 -439 -180 -458 861 100 602 272 -623 414 -371 1 -85 -252 127 45]
[-229 110 -842 -187 2096 24 15 172 968 487 1171 -99 -567 -824 265 172 -1142 -350 -236 1387 753 -261 -408 -378 92 180 -330 -314 -425 -1043 -363 -122 -1136 -1202 -713 1340 747 -905 -1262 -251 685 850 -447 907 -165 56 824 339 166 323 -396 835 -112 551 97 -1046 600 672 748 921 749 -48 800 893 -2 958 132 -397 -523 -709 380 -163 -683 -210 -1330 -63 333 1020 100 96 139 184 4 0 0]
[-1054 -800 512 498 297 -185 -751 -530 -211 -794 -148 -403 -132 1237 -926 -821 1395 -444 260 -102 -101 -370 73 828 -53 -1334 -63 1523 -949 579 1785 -1034 263 -34 -837 369 -569 -525 -1724 267 1415 -146 -38 451 -203 670 166 200 -234 741 -965 -401 324 145 302 382 -996 -368 319 -67 454 171 683 1105 45 -759 1329 154 118 1062 -1117 -381 -441 -207 685 -133 356 -343 269 448 219 -101 89 -123 -22]
[-358 1221 -411 -111 -1687 -177 495 -232 -701 1337 -1381 -234 1192 51 -1086 1416 357 578 459 -944 1018 -274 90 117 -1785 -324 -241 -90 191 130 -234 -1051 -1326 231 959 -413 262 -184 511 -340 -305 243 -141 -37 686 278 -531 -269 269 53 490 1777 -1075 473 549 398 -508 -170 1399 1134 584 -63 -114 -349 105 501 -868 -193 -458 -58 -360 -1219 66 417 471 -1284 -59 -275 129 -163 27 2 55 140 44]
[-501 -1604 493 -444 257 388 -52 -352 -681 525 -354 1762 521 -1539 574 486 -564 1052 1414 -581 268 1011 -308 200 364 -438 -492 -1112 -1260 -854 383 -1498 208 -610 642 457 -50 -298 779 976 94 1550 -697 507 440 -664 -178 575 -772 166 -235 854 -9 -139 -771 1145 -614 -141 -1544 709 -649 -36 -1017 231 403 747 848 -728 -484 946 136 -263 1453 366 96 643 939 266 505 677 738 241 -252 -390 -92]
[146 831 -11 -301 -423 -807 -13 685 1370 565 288 -167 868 87 90 -334 986 96 359 602 250 -614 1413 -588 -156 123 -384 287 -424 701 1272 -2188 -570 -860 -539 237 79 -79 -507 -221 -82 1058 -487 613 -261 -29 -889 -399 -193 819 -480 499 -1168 -152 338 1081 515 652 -213 634 -89 -340 438 620 -1175 22 -119 -222 -1170 248 -1075 425 296 -171 152 26 1195 67 -472 -116 1121 633 60 -249 -22]
[-198 -676 -337 175 94 108 -186 77 -703 341 -683 676 737 -578 -1263 1487 -370 667 864 -483 117 566 -291 1144 -789 -454 -131 -1010 -26 160 -309 45 -323 1108 288 -108 -45 1003 909 78 -1031 -744 -189 601 -133 -764 -234 1323 -321 205 -406 1454 -1054 563 406 -94 -677 165 835 -124 225 1407 -2255 990 420 443 175 -334 376 681 159 -10 -85 583 218 182 101 93 616 -505 -161 -417 103 45 -27]
[-1260 -1096 -162 -1017 -106 68 -866 401 1335 298 1473 -37 -713 -822 -132 811 -586 532 503 26 757 -314 -192 -211 646 -61 293 -804 -559 -347 857 -311 -30 -274 -340 728 -88 106 258 1315 626 -317 -806 -235 -124 -744 -807 241 217 306 328 164 -96 366 -653 550 -264 745 -955 723 285 782 -45 -423 140 431 280 158 -148 -759 -458 229 -275 -134 339 619 85 -136 378 239 299 362 270 24 -20]
[845 -272 378 969 93 773 -275 -660 -121 1231 527 -167 273 -1620 189 254 -504 -1075 -248 -1480 -260 1274 -798 -1545 -129 442 249 44 -387 -159 268 169 -468 -665 -722 -28 982 -1507 -376 773 -2 285 -383 213 1075 -195 -850 307 -127 681 -281 -539 865 965 -150 576 -39 1478 -444 126 474 -144 -284 -688 353 230 300 -18 -1092 -412 -975 -355 79 181 -16 -436 -294 275 169 483 263 648 -77 136 23]
[-328 -83 709 989 411 -287 -217 -24 -707 -494 -199 171 719 -215 362 -741 437 -109 -896 581 292 -771 298 366 -350 232 883 1228 -267 627 -143 -426 122 181 -428 803 -663 -405 -1275 -379 1392 -149 319 388 98 429 583 -23 -203 260 -260 668 212 -1156 563 -519 208 345 484 -264 -682 -120 1093 1097 284 -761 318 154 45 1418 759 -246 252 -634 -386 -365 132 -63 452 435 213 -350 -239 -46 4]
[-240 296 -362 -323 -1299 -262 481 32 -1 -441 320 -451 -66 -181 772 -830 -256 -326 80 -678 0 818 24 -468 609 -543 -8 -850 527 225 1110 -1138 262 -552 409 -1177 -534 871 -14 -442 -765 1081 196 56 -360 721 42 79 -259 198 26 -655 371 1063 -133 766 -109 -1453 -173 922 301 -1589 111 216 -1089 -591 592 523 443 262 -1137 2 -23 482 -916 467 33 -208 -565 -238 14 505 -44 50 47]
[907 510 485 91 221 114 235 -1405 472 -308 281 -984 -243 512 -91 87 -188 258 -685 273 -315 -12 82 1049 621 -440 -204 488 36 -17 -680 131 1178 448 -161 -603 -1022 146 -755 -185 1392 -820 -379 -1439 -38 -327 -411 -605 654 -271 -234 197 874 -1106 -231 -187 747 48 -140 -768 677 -25 2086 -963 -91 -764 109 179 1051 1062 1456 -807 340 17 -315 179 -651 -69 368 -637 -357 -284 -33 311 45]
[335 348 -57 -940 -357 741 -689 255 -351 -810 788 -150 -324 683 -518 266 -573 -546 -524 -189 491 317 1972 -1010 791 -831 446 -438 483 -427 262 -142 -1146 -598 0 -194 -558 1022 -49 638 -552 -718 768 701 -443 -503 438 237 -863 1114 -433 215 -632 1079 354 1002 305 611 1206 478 456 -355 -995 -226 589 -1275 384 627 599 254 -39 -535 -150 1319 48 437 -525 -849 65 -268 -557 631 81 246 73]
[-1143 -101 47 -358 -111 -3 -812 -1 848 6 15 107 -477 -712 -187 -159 -689 589 962 764 8 -111 -1018 1246 -790 -1105 -278 -671 166 368 109 35 -25 703 -1300 796 68 -263 -252 -794 -470 -1301 -573 21 457 -303 331 -469 570 -277 188 -642 1093 566 -732 -308 -1128 445 -84 23 -132 252 266 933 447 934 319 74 -97 -901 -1195 -753 -252 1506 -1729 293 -265 497 656 -335 149 1 -144 142 -1]
[-437 50 -266 -274 -1068 -224 -144 -490 -111 -532 1127 -969 107 71 609 -278 73 -669 -960 -262 265 338 -231 -1264 443 -1464 1150 710 255 -69 644 -768 209 -711 880 -505 -1431 759 -1185 600 1076 817 -277 -256 -802 -10 156 606 -28 905 779 565 400 53 440 419 163 -317 487 759 408 -925 -384 525 -407 -1270 908 997 784 733 -80 -619 -488 23 -733 101 -132 -770 122 192 -218 593 54 133 76]
[-34 97 389 606 82 -1231 -864 -453 766 -1126 -174 -291 358 751 -1761 -1090 623 -728 -927 207 -727 420 -150 25 446 -1125 260 1159 -122 993 -283 734 343 766 1179 -1029 -778 -338 -1311 80 743 -827 373 -307 -1100 -128 816 932 -200 707 12 -739 117 380 180 -635 -153 -466 -191 -492 -408 -91 -1489 897 -112 -685 114 120 -933 72 -573 191 -883 -308 35 -882 -325 -59 -551 -556 1189 -69 -30 64 -28]
[-1307 -667 -403 705 -12 -127 918 992 -204 -93 -34 -60 -541 240 -41 3 280 820 104 1083 -334 -87 -586 1310 -967 341 -159 -754 508 272 698 271 1055 -123 -980 516 26 1454 259 444 -420 -105 -570 -543 -722 92 -546 957 144 -766 -465 -237 -80 -697 205 -1211 -798 -65 34 -657 -567 461 -806 1361 -727 -655 -197 -373 763 670 345 -405 350 -373 -656 516 101 -184 805 498 -350 -291 18 -177 -18]
[132 -290 -1077 579 269 -227 -1171 -127 -1066 -1184 -360 509 45 -1834 -348 374 -973 -753 282 -857 441 688 -884 -544 -1243 -95 287 -177 444 -353 -170 -987 36 465 -1214 1071 412 7 -366 178 -248 -319 811 777 818 -471 -138 584 -471 135 210 126 416 689 184 -509 -685 -46 -662 -352 -734 868 -1816 788 1694 -930 203 465 -339 1 299 124 433 -544 -468 427 -230 -43 62 351 -395 -45 -157 -52 2]
[-334 -726 283 586 1617 65 137 546 702 25 788 -138 -157 -113 928 -566 -320 404 -856 1260 137 -163 -663 -111 320 54 191 597 -1163 867 -339 -85 822 -272 -185 717 222 143 -1161 12 590 552 -338 -380 -867 485 698 117 -81 228 37 -367 379 -1068 -498 -950 645 909 -223 -457 106 -10 781 997 -1136 505 95 -231 -308 126 215 -213 -204 -696 -337 559 678 244 489 -67 438 -52 -76 -224 -17]
[318 -105 -941 -874 527 -500 -156 718 684 -273 244 621 -208 -594 480 73 -935 973 -112 827 272 -176 349 185 -175 1149 -311 -1250 -298 -514 -1227 501 -430 -334 -66 55 -579 1651 876 496 -199 -754 -628 18 -905 -589 987 85 626 -861 35 843 -231 -336 -701 -1140 434 332 -544 -427 -932 870 -361 -311 -234 347 -1177 -381 9 48 885 -127 837 140 -1712 -22 -744 -75 648 -184 2 -24 -299 101 -1]
[1208 971 -210 -376 357 -395 -721 46 987 -615 -77 481 -119 -1747 549 270 484 -1385 2124 1422 294 -124 287 -528 -43 -545 -447 -128 879 -509 297 -317 -676 636 121 103 433 -726 -592 -484 -1731 223 -876 1349 1542 -836 -871 159 -783 -382 494 722 254 437 850 449 407 -306 -23 251 114 -222 882 229 541 725 98 870 -47 -234 -945 413 -330 831 -305 -74 760 733 8 107 31 92 -130 -124 9]
[-820 361 -759 -192 -644 -681 -70 -1161 -46 -562 -1089 -417 734 918 -964 -264 1128 -803 -174 -606 726 33 96 -470 -665 -1037 -131 1236 -639 641 1014 -1536 1102 103 449 -1435 -692 188 -274 -32 217 -243 214 -1012 -501 182 -68 -169 -84 298 519 -157 -173 12 103 1072 -144 -1484 -861 -243 410 -620 -236 158 66 -453 440 205 -471 390 -1049 434 -199 -190 963 -521 255 -297 -542 82 441 126 -157 -139 -11]
[-1135 -1480 -747 -975 1351 -1525 -881 975 441 -1026 479 936 -876 -936 -372 -404 22 -960 289 988 435 -266 -875 -65 296 283 -67 -235 111 -325 -282 -374 520 -1453 1040 -126 462 702 233 591 -1471 935 -40 -58 -653 -1288 988 -53 -163 -445 1219 111 -250 -19 -881 -523 352 106 -2079 239 -1113 -201 -2201 -449 1071 445 -424 -151 -155 -911 753 304 375 -1182 -490 912 277 1 -342 203 -258 185 688 -316 -103]
[-1026 -981 154 171 916 -959 -1674 237 548 -468 -396 1392 -138 -507 -877 -456 6 -231 -294 -382 491 -168 -436 -718 -256 122 341 792 -1477 295 -400 414 384 -55 882 -145 503 -972 -811 311 -389 -756 217 157 376 -25 1304 -426 -10 67 623 -416 -486 -306 -881 -258 -187 501 -1131 -176 -427 212 -871 -469 992 873 130 405 -1162 -1376 -843 824 -674 -575 641 -551 -39 -160 148 594 -27 -41 252 -283 -91]
[1128 405 268 474 -158 904 -80 -1552 148 -474 -43 -249 -764 1724 28 -88 298 257 434 -299 -711 206 85 296 88 403 -621 1432 -1456 -1602 1001 252 107 -54 -689 428 336 -745 -1064 388 1488 -760 216 -249 428 402 -368 -307 925 -301 -1208 35 -118 -653 211 -380 -307 452 697 -989 767 534 1884 -1400 -622 -111 190 185 674 486 41 581 293 -227 824 -911 -971 -90 438 413 -1320 -537 -20 19 -24]
[1325 836 453 759 54 315 375 -765 -522 250 -839 368 592 78 1312 -318 549 409 1020 234 -357 -848 -32 517 -825 101 -449 205 -483 -348 818 -675 227 569 -1537 1063 639 -1340 -428 -1321 218 -212 -344 780 807 86 -558 -744 408 -538 20 362 340 -1047 775 1013 -46 628 -137 -648 -1104 583 637 962 -114 -175 -200 -590 -476 814 94 542 460 -199 794 205 555 106 737 181 -116 -567 -217 -373 -70]
[-10 98 -1970 -88 150 -544 123 450 19 261 123 -637 260 922 126 -533 -472 -607 -1465 -909 477 132 -267 -314 549 401 811 518 497 604 -468 -44 550 -52 846 -1255 1000 796 1399 162 -1930 0 769 -66 -1212 430 573 61 1377 796 1235 -109 -378 928 -514 428 1209 -924 161 375 1019 -454 -625 -683 322 1187 -146 -392 -773 -1622 383 86 -611 -559 -566 193 -37 295 -1351 -642 -468 -214 -196 -42 67]
[587 896 272 -310 136 550 495 105 -1434 -154 -1426 278 142 -729 1564 193 -49 -909 208 533 134 -562 1138 -1069 -1056 -1055 -182 19 388 -610 -199 -643 -1795 -220 -593 -348 -146 -171 617 -1512 -1057 354 11 211 655 372 -77 -347 -433 253 -699 787 402 -90 438 1010 361 -362 1030 1061 -298 3 -241 114 1216 -646 474 1128 131 -580 67 578 1230 1536 67 -200 570 573 -257 259 -725 -500 -618 131 28]
[78 1273 -1264 -134 -73 -352 -228 409 924 -385 529 613 -172 -1104 -690 329 -31 -215 407 1198 611 173 -173 219 123 536 -568 -418 684 -762 -632 -962 248 -158 -455 1610 984 -876 -319 -545 -742 471 230 740 609 -437 -184 -392 -384 -700 602 648 -1085 -188 847 -278 211 465 230 -683 -568 290 -750 958 167 638 -947 -843 -564 -352 511 669 -402 -132 -664 74 375 971 -282 -68 413 452 132 -109 -48]
[315 -488 -353 -469 956 -1046 -102 740 -255 -48 166 133 -144 -43 1581 -989 587 64 489 2215 -389 -1222 618 -51 -396 -863 -511 778 657 1048 9 76 -565 141 366 718 -1005 399 -1073 -1428 154 107 -1166 1220 -120 108 969 159 -984 121 1067 -588 1161 163 94 -318 -77 286 1 350 -849 336 966 1375 565 -881 33 443 461 269 -694 -854 -227 -346 -486 891 934 -171 -75 321 -250 -2 190 -110 41]
[-25 551 344 -558 400 90 -188 -209 830 -512 -703 -389 131 782 520 -1303 979 -274 704 1250 -824 -1204 903 787 179 -459 -1109 84 -43 573 449 -800 -647 73 -2393 231 -483 -1081 -699 -1935 -729 -633 136 825 585 219 58 -1527 243 -66 -458 -956 433 313 80 727 -468 245 -567 18 -271 370 1248 982 90 -330 192 524 -255 -659 -1554 874 -242 672 -646 216 447 546 -127 -75 271 -147 261 -75 -58]
[-712 -158 -650 -744 698 -583 5 -565 724 11 -418 6 -997 692 -484 919 196 -234 23 261 638 -449 905 639 -124 -241 -1277 695 -1421 13 -131 -1084 -611 -265 180 -582 -18 776 472 492 336 -588 -582 -1394 -392 45 69 -64 135 -237 -1018 53 19 -782 -815 62 951 300 -1372 52 1173 561 1156 -962 1337 608 450 -74 -191 -295 461 255 1212 36 956 357 181 706 -681 -44 332 -162 78 121 -17]
[1839 40 -712 -549 292 -117 -1095 42 341 -74 840 242 494 257 1744 4 -500 -187 -25 -762 282 430 629 -1768 -764 934 571 508 -233 -246 -817 -619 -285 -276 -390 -124 192 538 -103 -210 -418 -372 109 676 7 -338 862 -138 676 128 818 668 -294 -945 -619 111 1324 1290 -835 38 143 526 174 -829 757 436 -395 186 -739 -400 248 409 824 73 63 47 -234 -512 117 -31 -204 -136 -362 -57 36]
[772 -256 161 -395 1296 126 -910 957 728 -633 242 701 59 449 146 -1161 -581 123 -830 660 -648 356 742 61 1060 388 355 -346 -10 -1218 -1533 13 517 -466 -997 423 369 -744 454 -21 -1052 -44 1341 119 -108 -408 443 -379 930 353 -309 -38 -344 -797 -970 120 917 427 112 -300 -728 865 -1692 -578 748 184 -351 -361 -936 -2001 1433 969 628 257 -999 -391 -282 475 -91 -394 -339 -734 -371 -90 -85]
[45 -1178 314 99 368 867 31 199 -1526 -405 -440 384 -8 -610 439 888 -1158 -77 399 -1274 440 578 774 450 977 -683 87 160 -790 -580 -239 -711 -378 554 543 -25 -306 -124 833 769 434 128 241 -33 28 552 -53 1334 -204 1011 -661 701 402 -101 -550 631 513 -328 516 780 -5 914 -920 -70 1429 -424 1395 494 436 449 725 -317 1051 219 -158 287 118 -409 285 313 -249 -411 -407 66 15]
[-643 555 -76 845 -994 -315 -947 -535 313 -162 126 -1044 643 616 -1469 -505 32 -820 -1432 -1004 454 278 989 198 245 -629 789 313 741 422 36 -208 -1206 162 -710 -496 -778 547 -951 -54 629 -596 1071 483 -522 735 320 613 297 1339 -948 598 -385 1519 987 341 212 -330 2016 731 875 -395 -145 158 94 -942 501 -62 -509 494 -230 -544 -959 881 -601 -651 -345 -90 -375 -514 695 63 -282 528 96]
[284 177 835 -196 371 893 444 -1128 1031 318 281 3 -23 -233 116 95 -516 -327 700 1166 35 244 -33 836 -165 -386 -422 -406 -197 -717 369 -55 -335 304 -1197 1440 538 -1449 -1298 -917 990 -716 -222 413 516 -644 -254 16 -153 -19 -17 -169 383 529 319 38 -711 700 242 -102 312 182 1088 893 164 693 247 56 -231 936 -398 510 -431 633 -178 62 -7 862 701 -307 687 10 51 -75 -44]
[-496 -704 52 -1166 989 -140 29 -218 104 578 174 525 396 -609 -353 169 -863 810 625 1106 386 248 -1575 1088 -423 -253 -94 -1587 243 -346 -1042 747 488 -86 1118 150 -737 884 196 349 618 413 -76 232 -1263 -960 1884 714 -549 -1421 1098 469 -144 -20 -609 -1454 -604 -232 -802 245 -461 138 -1376 895 -667 1260 -733 -1393 567 243 1010 -730 226 622 -500 191 -404 -126 605 -324 425 -245 -121 -5 -65]
[644 251 1379 1189 242 233 -477 291 757 -920 -330 783 734 -606 614 -112 -825 642 1246 242 -403 936 1012 389 745 429 139 -1060 679 -404 -885 816 123 1899 -502 168 219 -1444 -548 -682 -411 -1019 624 1331 1879 492 -611 717 -549 -355 -165 -192 -258 582 417 -536 -495 -215 280 308 -416 -421 449 489 -540 29 184 520 -398 1085 61 1403 -511 467 -124 -122 101 533 356 545 344 -610 -425 -100 -21]
[-473 -648 -90 -682 1013 -820 -1625 569 932 -1260 280 1734 -483 287 -422 -497 -184 670 327 615 179 -60 1288 50 601 369 186 87 -836 87 -80 -1463 459 -707 -320 -110 -347 1388 -179 1204 -1121 -413 216 312 -175 -934 885 -616 -382 275 -1000 274 -1025 -788 -1227 345 892 369 -1146 -458 -440 -78 287 -797 78 203 -182 91 -595 -418 324 -161 1088 218 -1027 404 203 -477 17 -59 69 71 -102 -264 -85]
[-583 -592 -139 -956 565 -327 -366 195 585 -336 2013 -867 -713 1431 1016 -692 934 -485 -1169 1020 -222 -305 264 -1612 992 -403 606 599 -479 198 47 254 239 -859 -740 -216 -1031 -119 -1076 182 718 238 -866 -175 -1229 527 869 214 -411 323 474 -773 72 367 -292 63 778 583 -332 18 652 -111 617 143 -253 -328 -45 -178 40 -148 -582 312 -523 -689 157 249 76 -234 -166 -303 257 450 400 16 -35]
[-96 447 500 7 -787 650 663 -82 767 546 476 -833 -437 -1098 769 -382 -443 -156 4 -85 14 83 -1215 402 1379 -36 -169 -1061 785 -150 454 -252 288 -293 -729 598 -199 -597 61 30 869 828 -612 -287 27 66 -469 -298 611 -568 86 -186 706 -432 991 686 47 -373 -584 172 -32 -377 575 425 -727 375 305 76 105 -899 71 -179 -523 461 -830 337 273 185 628 34 939 411 70 120 55]
[-186 -249 901 392 -479 592 290 1745 -500 44 -118 -340 141 153 -930 -995 1222 -1228 -1087 -709 346 1169 287 -801 259 751 839 130 372 803 -258 416 -125 -1066 805 233 216 205 55 1076 -944 127 1170 -323 687 1252 -12 950 -120 50 26 158 -506 730 215 -1329 -529 420 1672 -568 526 514 -515 -565 481 -38 -1196 79 486 -59 -323 307 -613 96 420 -974 -737 290 601 -131 -495 420 176 381 62]
[443 -224 631 986 -523 991 295 -520 544 -356 197 200 -93 72 -198 1357 -1270 981 -124 -775 -484 319 705 -256 501 -614 167 -642 -71 -634 -264 1951 -633 1464 555 -1057 162 -123 941 367 -801 -832 20 10 583 -216 -386 -206 -64 558 -722 108 26 516 522 458 -115 -377 319 -419 82 -10 294 -1336 -349 -137 771 623 -92 107 174 120 75 258 -355 -177 -421 191 87 -432 -54 81 -489 200 52]
[358 613 111 870 -428 625 121 202 -130 -362 132 -626 342 609 -415 16 -157 -77 -1122 -723 -113 779 1300 150 159 537 317 205 -450 95 -596 -372 579 -299 -589 193 255 -771 -538 254 -688 -94 982 -722 693 949 -203 138 -30 205 -574 20 -1170 -851 471 -601 -304 106 1435 -815 598 -464 617 26 -725 -973 -138 -629 118 387 825 -862 137 268 492 -534 -271 510 234 47 231 88 -72 -61 61]
[990 15 -165 554 593 -184 -448 -257 -214 -492 -77 -733 -551 876 -20 436 -818 554 -684 141 -85 194 737 545 -423 -600 -396 426 146 -38 53 22 -830 1235 -220 405 -210 259 -6 -457 822 -1137 -230 268 -739 171 230 570 432 230 -307 686 350 465 320 -167 475 343 1171 -287 334 893 -531 413 1020 -479 393 593 293 616 851 375 229 554 152 1247 12 -105 -42 -780 -846 -575 62 499 100]
[-353 -243 29 800 1024 -25 90 -379 41 -421 -201 -246 -974 640 -133 459 139 -9 184 721 54 1133 -60 617 -70 -510 -773 -298 -91 -1043 -406 -47 -592 -11 681 -280 -282 540 -966 199 432 242 -375 -681 420 1018 -226 1186 -169 -421 -908 56 638 856 622 -636 -312 -583 1217 -398 1502 -325 981 -673 98 -507 84 226 350 958 625 -394 162 -445 346 -424 -224 710 408 116 -982 -575 498 267 10]
[-906 -1309 724 360 -1285 -404 -1156 -374 321 -1322 457 -353 152 -15 -1423 100 285 -182 357 -511 -467 -224 -1079 931 643 -939 970 790 117 979 948 -412 372 1072 946 -486 -845 186 -598 1223 305 -319 392 -206 -396 -1178 -308 85 -365 869 187 -490 -419 -258 310 397 -1110 -830 -696 85 -32 -255 -177 396 -821 -182 813 744 285 -299 -454 -827 -464 -586 513 460 70 -744 -23 -336 738 168 586 -152 11]
[1212 -520 1099 352 217 -856 -1291 -16 889 43 531 412 1431 -907 1173 12 371 880 703 -412 -1369 -581 -202 -878 96 827 361 135 -104 1046 221 383 689 1107 -32 -808 -600 582 404 393 949 57 -240 266 50 -1149 -966 -1014 -497 128 193 -943 920 -799 -388 566 666 354 -2255 -620 -907 -456 385 -497 -1305 80 443 880 -446 499 -72 1010 395 -902 936 646 537 -917 -834 -184 487 17 115 14 -16]
[46 352 422 -689 -372 -229 -900 403 1194 342 559 -591 -833 398 81 107 102 -113 -311 -710 394 -1135 -64 -1386 430 436 320 332 -579 958 433 -363 -540 -258 -845 282 343 52 -224 81 258 237 -523 -520 -783 519 -340 -1185 715 273 -49 -340 -37 -68 189 724 546 1265 -953 -308 176 752 567 -1309 -512 244 -257 382 -968 -1164 -989 209 197 -373 781 16 41 -439 -400 -583 658 568 323 -130 -4]
[-52 -305 -278 128 -830 -629 237 -344 349 307 -970 536 -2 -714 1000 -243 263 169 443 63 -1538 -203 -538 829 -737 630 -286 -681 470 300 -370 886 485 -313 1027 -1118 -629 1539 1085 249 -1249 265 -215 -674 51 -38 -329 -99 294 -1398 296 -1535 462 -542 39 47 -683 -976 -963 -350 -461 205 358 -1041 -1455 -164 -84 608 421 -703 -790 -211 692 -304 188 4 -361 -297 -378 730 -244 -66 432 -163 -44]
[-816 -1509 -950 -238 1192 -620 -433 -840 148 33 -133 429 -1229 -482 353 476 -689 -479 796 314 879 -734 -1580 -207 -269 -703 -560 193 -1431 -580 633 363 105 -234 202 71 -225 195 -279 67 378 -786 -1170 -1293 33 -700 559 -152 693 194 -193 696 1302 -272 -138 -227 123 31 -917 75 91 409 589 344 1788 722 803 134 490 -477 -1 618 -702 -375 -144 265 102 470 507 75 -775 -188 50 -202 -9]
[-2221 -1456 303 758 -173 896 827 958 -535 261 415 634 -350 -951 -586 -191 179 -257 -38 1157 418 1007 -964 1306 -16 576 234 -1142 279 -298 513 -243 1062 -1076 -318 1235 402 872 489 1044 -675 378 138 -653 68 -397 -322 935 -468 -640 -82 -115 96 338 -135 -667 -856 728 414 -477 -212 152 -1023 729 142 -82 -199 -464 748 843 470 -479 467 108 -1314 -71 -734 298 1089 594 -245 92 123 -20 -62]
[-809 -252 63 204 471 543 -236 -613 -418 -1007 542 -405 -970 606 -75 395 287 -493 -516 -42 -232 -317 950 471 1150 -171 360 1414 -279 -642 -300 333 -117 266 -29 -42 72 -1228 -999 497 274 -280 143 -485 884 -153 -313 -182 289 802 -157 122 29 -329 29 18 169 -88 832 560 794 -632 1576 -1064 1270 -579 863 759 633 94 1127 -454 411 -452 -91 -410 -5 259 -118 738 -494 -454 262 217 -4]
[1351 878 662 207 -48 621 -103 559 411 -236 1158 -197 108 -61 865 -245 576 -435 66 756 -300 -471 677 -940 886 315 558 -754 1330 346 -190 898 648 -56 -907 -322 -894 699 -279 -521 192 254 -545 886 75 82 -1200 -182 -617 -651 459 217 488 -422 1382 888 1317 -28 1239 -1126 145 748 1245 -236 -1377 -279 -337 781 751 1073 -83 358 -347 -7 319 -340 159 -607 408 -93 -205 111 -164 68 4]
[1660 1575 -911 -442 -81 386 52 -161 517 145 215 188 853 43 323 60 -117 -242 532 565 -142 115 121 -465 -305 701 -265 -440 680 -1482 -1090 61 -374 245 -544 781 346 -1138 -386 -326 78 218 319 1085 226 -147 4 334 605 -282 948 1309 -1045 -425 947 -753 -55 306 682 -306 -494 698 -807 795 117 -28 -1168 -275 -906 -294 576 478 -421 31 -85 -790 17 179 -27 306 324 -7 58 -261 -17]
[267 -652 -71 -131 339 380 -491 -643 -270 472 837 -793 -166 -794 318 -732 255 -196 -871 -279 -682 69 -717 332 809 1285 -220 1843 -909 274 81 -241 1404 -794 -383 729 253 -1252 -708 1376 1626 1458 445 63 45 149 -131 -767 -320 -337 218 -1334 238 -1280 -1015 -678 -251 406 -571 127 266 171 1192 -591 -900 366 171 -562 546 -507 -372 -1485 317 -356 844 80 116 -964 -479 1281 216 230 26 100 55]
[-1479 -1018 -1733 -199 -698 189 272 -1071 -866 683 703 -841 558 894 651 98 56 -121 -1301 -818 557 -824 -312 -161 -199 346 937 1606 80 500 462 515 1115 -456 -23 -515 -514 434 182 823 393 167 -420 -348 -736 -25 484 367 976 1081 1377 280 37 -574 76 125 28 -251 316 693 661 -742 948 305 856 315 1087 -190 730 -30 -325 -1375 -599 -250 -244 449 193 -966 3 1227 -259 395 29 -1 49]
[916 -799 -921 256 1139 248 -933 719 -62 -874 188 -93 -926 377 -672 343 -729 -552 -738 -1686 911 794 1494 -442 1061 1180 -348 470 -679 471 -832 673 429 848 -498 -479 693 -201 406 1061 -1194 -1348 850 392 445 647 289 622 -295 1079 -101 -790 -254 709 -1363 -506 1370 314 -353 -678 774 1606 64 -1353 2073 -251 -291 450 -396 -1486 -128 502 -56 -399 1367 82 -78 -176 -267 -282 -468 -259 -414 286 181]
[-193 -120 67 -326 509 1182 432 -100 -356 -226 -620 624 -551 -352 354 -771 -549 -19 -462 97 41 840 153 -823 -72 540 -455 -1226 -389 -570 -295 -120 703 -1495 29 -116 278 873 138 766 -711 777 743 -440 -350 532 168 -475 -384 -952 40 -1262 220 469 -376 74 -674 -544 -889 -560 440 -48 218 -1214 -826 -322 -248 340 64 -1 -422 -831 762 272 49 -282 -829 -681 554 470 -320 606 54 -345 -80]
[-40 -110 628 691 663 915 88 -1422 -107 -92 -354 607 653 -889 -437 -348 -1688 902 -1098 -711 -1250 1223 -573 287 1481 -9 516 -1282 -954 -1051 -926 694 593 297 485 636 -543 -419 -248 512 665 1026 1417 216 -549 -859 373 1005 -117 367 -269 -74 -56 514 246 -44 -800 -656 -138 -134 -234 -81 -2256 1080 -1436 -146 967 -365 3 594 1019 326 -7 -25 -706 112 -526 248 316 -252 1065 231 48 -105 -120]
[-512 -145 292 -99 145 645 400 -484 -530 431 1238 -305 -551 -318 52 518 593 -322 205 409 -451 484 -1180 172 395 -1120 646 -479 292 -719 764 569 423 -775 181 140 -121 93 -15 1080 777 706 -1164 333 -870 8 -548 775 -180 -133 -138 650 134 840 303 532 -322 -490 1622 236 903 523 -240 628 -621 248 502 -104 1168 1204 352 -569 -827 368 80 102 -265 -239 450 141 -797 38 83 169 74]
[-1682 -732 521 554 337 -481 -631 -431 842 -1626 174 71 -1197 204 701 -375 283 -404 278 1771 81 -1227 198 677 223 -1153 59 647 -1238 58 822 -257 785 293 -208 -158 -515 -489 -1310 295 410 -1201 -600 -1116 70 -630 169 -186 -532 97 301 -978 1515 -1320 -191 374 324 18 -1921 97 -583 -575 1614 261 486 -979 1169 728 136 315 -428 -243 20 -606 -130 114 40 -179 874 1069 283 -375 -221 -208 -133]
[1068 -227 199 223 -254 -100 -299 -1162 902 -227 480 -295 -446 522 -316 652 -158 892 -794 -157 -518 -753 951 -1117 886 585 -142 927 -1431 -1025 153 988 -1396 108 1131 218 -672 348 -566 2361 1708 412 -418 -783 -967 -1194 -320 -154 -25 486 -963 283 -358 -529 850 75 122 262 -1238 -9 243 82 1500 -2099 -937 -843 115 -131 -75 46 1125 -877 899 -1533 590 -392 -484 -486 -216 296 458 249 177 -38 185]
[858 483 -118 -610 -253 342 -557 247 -304 -777 1042 157 997 1247 -84 -503 754 267 -744 -853 -232 689 1555 -1709 351 1283 755 198 275 260 -426 -576 1359 -880 -518 -223 -191 700 408 427 -525 223 1117 15 245 -615 -274 -575 -489 849 -46 -427 -733 155 -671 82 45 200 -54 -979 -86 -215 330 -930 -102 -785 -782 -84 197 433 530 97 614 -251 564 85 -391 -446 -641 56 -267 873 102 -38 31]
[422 -217 -191 780 647 -591 -899 -1528 -99 -986 23 -484 748 -878 -998 -70 498 -1535 -141 -536 669 909 -821 -137 280 -81 -37 1811 -1166 49 210 -1290 615 624 576 -868 111 -1390 -1206 280 1316 282 -5 -541 1043 -94 -223 754 -189 1134 -494 708 904 -217 239 -237 167 -689 -710 -166 566 -753 1603 -227 594 -375 752 90 -138 967 -162 -201 -26 -922 -45 -839 -71 464 -495 248 367 -14 -11 70 55]
[699 762 477 925 -1022 -158 -46 195 -99 -260 495 -854 207 -146 -1 -1004 397 -470 422 -332 -1073 -111 -640 -162 230 -211 212 -18 1726 954 602 1087 621 294 318 695 129 -613 -1188 -967 437 760 780 1031 443 -151 69 -448 -835 30 948 -1669 689 141 1525 -10 -338 -327 293 -118 -867 -547 -414 1199 -1176 -662 725 32 845 107 -1078 255 -1163 -168 -292 602 235 -871 -340 -176 -116 670 -145 120 69]
[-1160 -579 466 -898 -85 -1055 -643 -30 1027 -476 749 392 -931 -181 -380 -162 417 98 587 462 537 -415 776 1008 477 -468 354 -123 -434 166 -1 450 125 -357 1186 -364 -1739 965 -591 850 289 -510 -975 -1140 -286 -783 338 522 -372 -510 -352 40 271 -427 -332 -104 237 -655 -657 -332 331 -303 2105 -726 370 62 217 -143 889 699 228 -1009 485 -241 -294 -189 -492 224 753 -327 698 146 317 -10 63]
[931 552 1022 -584 -13 626 921 -430 139 840 -1045 -353 449 304 815 201 -886 1176 293 -7 -535 -137 -716 577 197 -713 -1006 -1422 475 -430 -534 677 -157 118 432 -1200 -586 1102 1455 -630 761 573 -495 26 -983 391 266 -176 875 -737 95 1022 660 417 163 -207 555 -661 -33 -13 -101 -126 -314 -697 -573 441 111 137 482 387 1183 -455 480 995 -110 122 -3 -71 90 -778 2 -322 -523 -20 45]
[1038 -524 -262 11 1625 -270 -319 -1055 497 -645 -847 300 38 278 653 312 -1299 505 517 230 -355 -416 226 514 203 -490 -1333 24 -233 -1311 -40 -437 111 430 -394 251 203 -715 700 -30 1362 -36 -31 284 14 -853 -20 -395 -48 32 -157 -361 670 -518 -43 510 366 35 -2131 -593 -1139 244 -757 82 973 -944 1177 793 -520 -316 1355 969 625 -480 567 1266 344 293 -366 636 321 -279 -289 -183 138]
[681 -599 -279 145 1638 147 -742 -432 732 -829 -203 420 -1140 -1625 -258 -42 -1363 -344 233 616 -81 -164 -314 427 1318 655 -817 -72 -716 -543 -243 20 -144 976 -942 285 672 -829 185 -128 -541 -60 222 454 -89 0 -68 -274 -388 -449 -736 -380 613 816 -720 -96 463 -408 -905 -203 -192 745 127 -213 427 608 320 45 -705 -1244 -34 858 480 -199 -36 666 76 1405 -740 -540 338 -544 -502 6 -54]
[125 686 113 330 -866 140 947 108 -471 719 -622 -580 426 905 -338 -433 -285 355 -1375 -277 -435 -456 199 -370 -135 383 -71 -63 553 457 63 1277 474 183 -161 -743 424 -39 1421 -182 -274 -370 259 -637 -1132 -511 60 -742 238 381 534 -929 282 333 201 855 -10 38 -866 -646 -1405 -411 -1740 -476 212 -326 -759 -492 -852 -1076 -125 -50 441 -422 -116 89 -111 -735 -606 -436 -8 462 16 8 18]
[-1036 356 707 386 224 -64 212 557 48 -777 -816 328 -146 634 -755 297 -439 -113 770 743 421 -255 521 1394 -527 -1344 -144 351 -241 -347 -122 -1108 -1012 -69 -189 1211 889 -898 -835 -741 -891 1032 826 1109 346 568 576 155 -510 578 -774 647 -916 157 324 -597 -631 -344 954 769 -524 -209 -877 1078 -94 320 701 405 -418 151 -105 -436 231 219 -846 89 691 322 -169 369 493 -137 -207 -505 -176]
[-1524 -1505 -11 -600 1382 276 -345 694 369 -196 1006 479 -757 -1185 160 -719 -57 -433 258 1827 372 -513 -1357 69 -378 1068 -719 -758 -338 -1024 326 -62 781 -1845 -1582 630 299 -782 -187 293 436 92 -453 -367 386 -140 -4 -298 224 -814 -254 -193 762 -931 -1264 -1177 -403 478 -1116 144 -910 391 263 42 783 -305 -103 435 -94 -1756 -253 248 128 -224 -70 -338 -257 213 297 1177 -680 -436 178 183 -109]
[-1425 -1369 -1105 785 95 -446 -78 -149 -956 -531 -1009 557 -721 -1619 -57 287 -1251 -76 -669 -331 945 567 -901 785 -488 -488 -330 -107 -518 -41 -90 -434 -171 433 833 -163 413 954 686 325 -862 798 17 -827 -957 445 1173 464 -269 -81 -464 -319 748 -260 -112 -46 -113 -1182 -1369 263 -636 -507 -965 745 1125 -155 984 -370 -268 -183 462 -1066 621 -442 -898 983 517 169 55 420 718 -32 -63 5 152]
]