[[233 -643 1437 -511 192 -181 639 -227 -60 213 1847 -133 181 96 61 775 411 642 933 1099 549 -330 -675 -226 -1032 896 -1180 501 414 336 855 -437 164 -711 266 152 -734 430 -513 -762 1350 712 41 541 299 -292 -477 468 -414 -687 -1148 -657 277 10 -340 -1425 164 66 458 -1211 -358 865 693 974 450 -1776 -1050 442 254 1070 630 -625 -48 337 1100 285 -638 1098 61 762 -145 -741 590 509 386 174 -89 -191 -27 0]
[51 -160 2226 -21 313 -629 -838 328 -282 68 464 -961 220 -994 680 521 564 417 1087 -940 518 8 -1733 619 -536 1015 -211 783 -420 424 516 -760 -90 545 -226 1153 -313 598 1102 -344 99 -2 -1062 982 1568 -541 345 582 303 -716 -785 686 -88 -472 -554 199 -704 217 -694 -1426 -114 350 178 965 -129 -594 -257 -1159 44 463 670 391 -997 -135 910 997 -204 1471 338 642 -977 116 -143 198 -352 -2 0 0 0 0]
[333 890 785 -282 -1078 302 -354 715 155 14 -476 534 -28 -1249 -557 -1959 -1085 557 176 345 -807 1 -506 490 65 1003 203 -29 136 -978 379 41 -173 1014 -667 -334 -215 -53 58 1879 -1000 -160 -499 101 850 -250 368 -596 551 -240 19 1177 166 -446 -1089 146 -1634 821 -505 -1500 -599 -590 -230 -1695 89 998 18 -1452 288 -585 215 -1052 1561 -904 -1113 328 515 6 783 706 -855 569 -160 33 -202 19 -62 -73 28 0]
[59 -393 -559 -297 -413 -218 -1024 -486 1019 115 -418 2158 -130 -84 -707 -859 109 271 146 719 -639 -762 103 1165 -1891 846 -365 -401 103 -182 -111 -553 -622 1581 -505 -234 203 -1230 974 978 14 200 -174 -1925 490 -240 19 -583 822 -86 867 98 22 483 -226 -162 174 -224 -221 -521 -128 -2197 251 -1369 171 1513 -65 -1831 30 908 -79 -1069 144 -463 741 -1104 29 450 235 398 -600 1000 -442 118 115 153 -5 0 0 0]
[387 1333 1113 -291 1190 535 -291 1168 -647 190 -236 -10 -979 -1863 -446 38 -1561 274 995 -1577 1018 771 -178 455 241 -670 -217 -290 297 908 560 1647 -621 -61 -480 217 339 -349 600 316 -317 838 -561 1593 -117 -297 -399 408 -600 -572 -1926 745 656 -1637 -490 1086 -1506 1070 189 -2222 -396 1120 -650 30 -1075 -571 -1142 -199 -384 188 417 115 1067 92 -939 145 1 5 240 -92 -961 501 -294 -540 -336 5 7 0 0 0]
[687 622 1284 11 1257 -681 -379 -405 -728 805 486 1605 -801 -602 -922 1301 -943 307 -190 -1325 92 236 -639 337 -526 -41 719 323 -614 1434 100 -1010 -386 382 -843 364 25 -371 1302 883 317 234 -1746 98 -64 -532 -345 -71 292 188 -303 165 19 19 1438 -202 -692 91 -498 -803 44 228 -15 1027 -1500 1108 -608 243 -1427 581 24 -247 -884 450 39 -20 571 1992 -1096 205 -416 273 241 428 207 38 -9 0 0 0]
[-434 -503 -781 732 -435 -242 -1498 -376 1035 -1228 -1506 430 -557 38 479 337 535 -102 472 -529 295 -780 -18 2562 -58 -708 -551 -1193 -712 257 -146 866 128 448 164 113 995 -361 1171 -588 -915 834 1400 -49 -950 636 449 634 -488 428 -578 727 -394 346 609 730 959 -291 1396 -179 -85 -744 421 297 670 -568 1515 -22 652 45 -1362 425 -627 2 512 -364 212 -655 -240 -1094 364 1382 -524 -296 -216 354 -8 199 -29 0]
[-1533 776 -1431 106 1532 678 -103 945 -400 -74 -1697 144 -59 -1386 1281 457 976 -157 1041 -1754 407 867 280 41 436 -693 524 -16 426 108 -1317 848 -2058 187 247 1208 -403 -1040 1596 -1392 -602 0 -572 -240 835 176 218 -191 -1009 -83 493 275 450 -309 -307 1978 551 -1230 -423 832 -269 -337 -1116 625 -935 -132 -935 -601 -650 1581 135 1161 -597 712 788 -1233 -190 -753 166 -554 -736 -147 -1116 -586 -49 -238 180 -35 28 0]
[591 -1012 -126 454 -931 29 -1484 241 572 -213 -882 -1255 582 485 69 -389 1004 -757 -472 319 -678 627 60 147 72 499 -419 -157 -326 -1505 -248 24 1893 1093 603 127 -70 95 524 -1 -183 8 153 -607 1076 6 1419 540 896 1313 596 1130 -775 -535 -1048 214 -1009 1157 -71 -218 -169 -673 952 -861 742 407 213 -1213 753 -1517 766 251 76 -2052 248 1344 263 273 1152 1122 -28 1116 168 65 -600 -70 -4 259 28 0]
[-434 -619 740 -986 -947 -264 -62 -661 1135 135 -756 -597 1203 -1537 540 1423 2271 687 2230 310 922 117 124 1397 -1191 1042 -1294 459 -397 -453 -406 -473 -762 450 298 391 -981 -124 629 -1378 1300 -642 573 198 1046 468 375 253 5 -440 -491 352 -101 1229 -341 775 1053 -806 -127 -437 119 -542 23 447 297 -167 -489 -734 598 1969 1325 450 -626 672 2180 -884 379 557 381 295 -1074 -4 -946 268 491 81 79 -226 1 0]
[-305 -623 328 -501 -1068 240 -15 -418 710 271 271 -17 831 -494 -170 68 1591 -343 105 246 -726 343 -134 255 714 158 487 648 -137 -51 -1575 -1115 135 -158 579 771 -1583 -786 262 -18 986 -254 298 -1214 846 -359 -1009 -566 855 300 1680 1265 -1447 1055 352 246 214 25 -1282 840 85 -789 285 -944 112 1048 -207 -294 -1312 668 844 -382 -626 -564 1323 -340 1561 1564 -255 1275 -392 -333 744 1345 -47 -63 19 -221 68 0]
[-115 851 -752 1070 1181 936 -303 744 -905 757 -1493 350 321 547 301 814 877 824 116 -1045 -661 -354 -555 202 931 -9 766 529 -1221 -67 -301 -454 -1039 761 38 126 478 63 2100 -11 -724 -156 -1771 -4 312 343 1733 444 -1027 644 714 1462 1345 -223 731 982 -768 -132 670 -180 366 417 -924 639 -173 837 674 -472 -56 -755 -115 1334 -1162 99 428 -538 -166 337 332 -188 -480 756 -508 333 -271 -278 157 224 56 0]
[243 392 2975 -119 -448 562 322 -520 -971 871 255 271 765 312 -862 1064 -662 2154 689 348 86 221 -557 213 -1344 -91 -855 380 -754 -7 1563 -1298 137 986 -752 -540 -1293 99 -698 729 812 -535 -957 810 360 -48 -151 917 -116 49 -509 293 -138 -556 838 80 -857 1118 908 -2098 103 1084 -847 -71 16 -146 -1529 863 16 -1348 968 -130 251 363 -988 751 131 1401 -279 1000 -618 -169 -69 411 369 68 -162 -264 1 0]
[521 -98 -1280 708 -597 -229 -120 89 497 149 -185 549 656 955 -894 -459 209 -782 -1298 795 -704 -330 -7 -337 2231 -54 319 1008 -276 633 -1502 403 938 207 376 -325 738 -265 271 846 -470 1598 14 -1095 -758 465 -503 -693 900 930 490 1009 -3 -239 208 -1598 -55 333 980 499 -204 1054 738 -870 360 192 976 -694 -500 242 -1705 -999 -954 -644 52 244 189 805 -412 496 336 51 1591 890 -427 26 0 78 39 0]
[-666 -207 597 974 40 -150 -416 -877 -739 115 -11 721 483 159 -263 -324 365 -569 -232 -967 138 194 -1430 1591 56 -232 1409 284 48 568 -895 -1068 108 452 -402 131 203 -130 937 -112 -1604 35 -559 -1099 -152 -441 -393 -413 485 -378 1042 -338 -1441 -237 1142 167 586 -701 -80 1056 1038 -13 1452 -542 -166 344 851 -1071 -1393 689 -1366 645 -1512 849 161 646 270 513 -1385 388 290 367 393 362 -568 62 157 83 10 0]
[50 382 -42 -303 -788 22 -509 -429 -56 792 -928 -1042 818 -981 -145 128 15 503 440 210 1031 -101 -16 1012 18 37 20 -517 -64 -379 251 1163 -131 143 366 -503 -1196 777 -981 -795 -632 -717 580 1390 -825 554 -701 -234 -148 -721 -1164 -253 -144 -881 791 974 -115 -292 833 315 -7 729 -588 -1157 186 -601 510 196 -691 192 -33 883 418 1689 -102 331 -521 -1139 94 -441 -741 67 -686 -1200 -363 50 37 -238 56 0]
[-579 -467 458 -256 888 1323 368 783 -849 525 404 -860 873 -74 713 -645 1138 -170 806 274 -131 1621 -495 -798 259 833 -729 1499 849 -967 -378 -387 -1284 -87 556 342 556 1480 439 -716 -95 229 -1007 123 1213 -1039 1025 1505 -1448 203 374 627 369 -630 -1077 284 -10 -182 -240 -686 1005 642 267 -591 864 -378 -148 -204 676 222 850 1522 553 -496 515 -457 112 -458 905 435 -137 68 -375 526 -387 -183 67 2 0 0]
[756 392 -146 -275 -1425 -625 1458 264 175 -677 -627 -1272 49 -585 56 346 610 -367 263 -628 -691 15 335 44 976 1615 431 332 -578 -1240 250 -783 386 -932 -621 -258 382 446 -199 659 -298 -1252 196 1144 -170 702 1112 -331 672 217 476 975 82 1258 -1362 -240 -405 -633 -1672 1007 -566 127 -580 2122 -1152 168 353 159 949 -1177 640 -537 -206 -125 -81 589 -62 -817 124 -1278 401 -573 44 9 437 -75 -83 148 -40 0]
[-255 -527 428 642 629 -333 149 -313 -754 -374 1027 753 -1011 1621 -463 -199 -772 -519 237 -1593 -120 -334 -715 1021 -1328 -1003 855 -972 929 507 -15 -1461 303 -283 -53 830 839 -1500 802 395 -32 -636 -273 -481 -1084 262 -890 396 -117 -1350 1268 -865 265 463 552 354 655 -207 20 269 1067 -359 665 626 -482 -835 -668 250 -648 33 -379 211 -1170 420 -368 -30 -67 -364 -517 43 653 -115 -101 -434 -352 -223 132 193 -45 0]
[-76 400 426 1044 492 -280 -298 182 -182 -1447 389 -1154 -624 -442 403 483 -969 -1293 -587 -1503 -831 372 -711 262 1903 -76 -216 271 -741 -190 159 -256 673 -546 8 529 1127 1145 551 330 -861 506 788 128 494 -533 -11 882 598 867 -420 991 -1237 -644 300 -324 256 308 -2272 1127 -207 753 -257 2032 -862 731 900 1446 45 -1194 -394 260 -730 -760 -471 1515 892 280 -709 -1670 685 43 239 146 -239 309 -310 178 -98 0]
[-496 367 -231 1721 289 814 763 -756 -518 447 -952 -884 1234 1007 -723 1178 258 73 471 -833 -162 921 291 934 1794 -2282 -65 160 -1012 -337 -1226 189 1155 -565 456 -359 -360 -1241 654 334 -496 -40 562 -154 -1394 1794 -475 778 -517 -95 84 490 -812 1220 1371 994 536 618 1134 828 781 1731 316 -199 311 96 -1006 1460 -607 -1 56 769 -500 209 -193 523 1252 742 -489 685 -236 -281 658 845 -495 -69 187 33 39 0]
[160 -752 181 288 86 513 528 -577 129 370 1400 1107 886 1346 -732 -552 -630 585 -739 1592 -694 -1163 684 -1164 -1273 -553 -1263 501 -722 1001 1118 -281 -238 813 119 -423 137 -1197 -1255 1636 1228 257 244 -1041 800 200 -2017 205 1475 -406 338 -507 78 -196 678 -414 1023 303 9 463 59 -916 -548 -1354 955 1083 -1312 -678 -132 42 131 -1397 -175 -253 -278 -720 -1561 998 193 133 -835 -977 727 522 472 364 -276 -103 108 3]
[294 -178 -255 123 61 -38 -786 1259 18 -674 68 -874 -941 -794 874 -774 90 -825 -365 -332 137 -83 384 -1073 -426 835 317 -248 2 -292 -76 820 -377 111 416 -135 991 354 -166 -412 -778 -175 300 728 1653 -169 1364 153 -42 493 679 146 361 -86 -859 1248 -996 362 -367 154 818 -1023 1150 592 586 -44 998 -568 1211 -810 232 1228 988 -747 -619 69 -632 -943 1049 -295 -119 566 -573 -651 406 -79 107 420 153 3]
[-93 -330 -1077 69 940 -2606 -424 -113 265 823 118 211 -105 741 519 -5 706 152 -698 261 187 -1083 -1119 -1670 -478 1125 952 1543 630 541 -711 -714 -365 623 -452 563 690 -650 705 277 566 140 -1037 -1053 -213 540 799 -790 486 -468 776 -676 739 2038 -856 -939 657 -800 -381 774 257 -246 -61 606 293 -601 116 -1400 1122 818 -381 -295 -1872 -165 1463 143 -1265 602 11 204 -601 -701 -236 -42 -301 -325 361 194 0 0]
[-704 -432 -1086 432 284 731 -2 140 -320 -602 -260 -131 -475 -332 865 458 1295 -67 1303 -82 399 611 367 21 1574 -1338 -1030 -244 -119 742 -183 1678 -827 -665 979 508 669 701 -29 -785 1 798 248 797 -53 55 367 1021 -1970 365 -963 871 295 187 474 1017 818 -203 721 122 -964 283 -761 290 1011 -452 -237 280 437 1540 -282 237 -848 -468 570 -534 -415 -322 264 -94 -60 -20 51 481 63 439 -116 -99 -28 0]
[866 -1928 985 -402 -1106 391 522 -772 -307 680 1079 -2134 605 927 -81 508 1544 -46 -165 701 854 1764 432 -682 281 638 -423 471 -433 230 -912 -317 362 -654 753 -932 -22 1514 -1706 -1204 567 -1291 -314 1434 461 -68 1302 803 -198 -54 1062 -118 540 -911 76 -36 -553 393 1036 358 1838 1193 1044 50 928 -206 911 1051 636 -532 787 1971 -546 -219 -414 720 -311 -205 895 324 480 -246 222 100 174 -436 311 30 97 0]
[214 -674 -640 546 -298 324 745 -199 28 -478 1209 47 -290 406 475 140 260 -138 1744 950 -613 -1186 -841 918 -43 324 771 -623 899 -1456 291 -375 1027 -1787 731 331 -298 717 -103 -763 -115 368 1092 684 -1446 482 259 -233 -1582 -772 -582 -637 403 1394 -140 -775 210 -1041 283 1367 -1525 207 863 774 819 -2648 970 417 -564 1040 -378 -446 -457 656 1200 1064 55 -1236 -278 174 780 -833 304 -20 -74 219 7 -9 -28 0]
[660 207 -791 85 1256 837 23 804 -356 994 93 -390 375 -709 -575 1576 179 -1296 617 -1172 825 187 409 39 474 -866 -275 1556 -186 1279 -580 1435 -324 418 -185 -439 1626 -1356 950 -972 676 1873 159 -307 -134 87 -320 1095 1192 283 247 766 219 -746 -339 1207 435 622 -614 381 755 906 -98 424 -416 635 267 -1072 -752 -383 750 1678 -1677 801 1171 -56 -977 191 12 -1134 -1018 -34 190 -259 -646 -208 291 550 135 3]
[593 -336 -52 -192 -586 -200 -381 133 -196 61 814 760 -362 154 -753 940 341 -1071 -720 1069 605 -845 -126 -116 211 -580 -324 -1128 492 251 912 727 1767 -182 922 -59 -942 -17 -839 -556 1034 594 845 1157 -525 207 -436 -451 140 1042 -391 -796 164 394 1023 -1069 87 -2 1154 -901 -439 187 2463 -186 786 -738 405 637 -665 -288 -432 -599 -170 70 47 231 -17 519 -189 937 860 116 713 -170 376 84 -112 -93 -15 0]
[-599 130 -576 -200 -323 45 217 453 290 107 -534 -500 44 61 38 -1501 207 -48 42 -214 20 327 -728 -368 1842 -749 394 740 232 1469 95 1366 -777 -684 -223 698 165 -222 -464 529 -1071 1059 1129 1753 -1427 436 -1470 209 -438 -1088 -350 959 156 -551 -1023 96 32 -585 435 -489 -446 933 -1357 -1102 206 -1300 240 -21 51 -578 -660 -635 -783 -455 -837 -348 -719 -841 169 -823 -278 -524 349 -323 -869 -137 -159 -289 68 0]
[-918 -128 -25 -96 -1308 201 -1370 -374 450 -982 -709 -731 308 566 161 -529 461 -1479 -540 -326 61 -217 -882 497 115 78 -810 -770 62 -197 906 -14 449 1093 589 -65 391 779 -564 -531 -1225 196 1377 -802 938 -581 124 797 719 740 608 -402 -1795 -857 127 147 685 -77 -420 -43 340 -482 888 -925 874 -167 829 -637 578 -1124 -135 397 -261 -1054 -368 890 -205 -694 -534 -692 470 846 -224 -230 -441 285 -283 112 36 1]
[171 712 -380 938 157 1398 159 -457 -1223 1098 -561 664 986 447 -1215 -148 -743 -28 180 291 -157 901 1154 -505 242 -1016 -349 112 -87 -336 230 488 -486 278 156 -1325 -142 108 -433 383 -507 -651 -218 114 78 1077 -998 119 -596 594 150 -230 227 -232 1148 1202 -29 37 249 699 878 283 -585 -1739 29 2267 -147 1030 -813 -185 131 751 101 803 -1428 -712 488 -205 706 60 -431 132 -704 -478 -198 18 -138 -322 -65 -1]
[-284 -1344 1332 144 -1231 495 -1256 25 -551 -520 -290 -237 623 1501 406 784 1240 162 125 205 292 -256 -277 -109 316 225 -949 650 -1071 736 826 -625 730 1222 -119 -209 805 1325 -93 -840 273 551 -619 569 1000 -538 760 1040 -68 1569 170 689 -130 -439 247 -250 -114 496 742 -707 135 -33 -336 -127 1533 94 1275 -544 564 -942 -236 836 -1403 -493 158 400 142 445 457 -84 449 454 -18 -24 -14 46 -530 -2 -115 1]
[-146 -110 -1202 591 -766 733 -195 475 -60 -1501 51 907 264 -61 963 -215 -186 56 997 1320 -1070 -1203 247 432 -363 777 -779 -1114 127 -985 1575 795 1155 802 633 -258 -113 324 348 -1017 -489 1575 565 -46 697 808 322 26 -214 834 -621 -158 404 -550 -333 -985 170 -7 1075 21 -1807 -796 468 1585 556 -958 588 -286 729 250 -196 -1021 127 133 539 102 -1021 -708 982 -460 168 -167 -97 -571 644 520 -483 -3 86 4]
[-89 -975 -457 -297 594 -533 -1303 -1338 184 893 813 691 -117 -574 -972 1558 710 72 282 800 633 774 -777 899 -800 1239 -978 20 507 440 -319 271 -161 680 2 -194 -506 299 767 -675 263 1420 584 -577 -165 -760 294 194 -63 365 -50 -777 -912 -842 720 -1579 -230 -504 -28 -413 -105 352 1082 948 -110 -617 -537 379 -37 1477 -192 367 -567 -31 1442 556 -494 668 -674 -364 134 512 -31 -430 -97 264 -394 -434 -131 -2]
[-742 -1075 -2006 653 594 232 496 -831 1134 -692 1699 -723 -39 1558 839 -316 1480 -241 459 1276 -570 -1862 -888 -590 176 -282 -1024 -72 -403 717 -61 57 -680 -1379 1083 372 274 568 -723 -936 7 -364 1299 23 -91 620 -102 232 -900 -1840 872 -1073 1255 1740 -120 -1222 1483 -559 -87 1205 -30 -18 669 1034 1525 -1086 1390 487 751 1124 10 -336 -1074 -135 1815 -577 -666 90 258 -60 34 -512 569 877 79 69 189 6 150 1]
[658 -870 596 -146 343 -508 -590 -375 665 340 378 -541 -342 452 -164 -1204 198 554 1246 61 154 170 -433 -603 -2381 707 -199 981 201 -226 607 -1153 -634 578 -369 -314 1373 -131 147 294 515 -1096 -427 -333 304 498 1245 111 -119 -938 50 -591 1102 1178 -1833 576 -428 355 -688 -579 1305 -718 -317 -402 353 228 -125 -911 1524 -520 1541 532 -393 -838 20 620 -187 432 997 814 -1218 637 -1150 -38 -177 -156 333 269 0 -1]
[-224 723 1673 -505 63 -853 -79 447 370 -452 153 1064 -1083 -1279 89 -755 -1485 5 220 -825 288 322 -755 962 236 487 -8 -352 401 120 -408 -121 -650 294 -912 572 615 -907 592 1257 111 374 -612 357 255 -142 -117 -262 405 -1117 -968 58 1245 9 -798 -610 -306 695 -416 -1363 -850 471 -135 -212 -261 297 -680 -936 146 1756 -74 -942 341 -430 -859 133 1241 511 446 495 -870 -451 -151 36 -211 -180 468 318 -17 -1]
[-243 -565 -568 -445 -534 106 85 -379 55 -663 -910 -1188 287 863 -142 596 1305 -202 -348 -5 -633 648 814 187 1124 -681 -117 -92 -75 -474 139 88 740 -409 37 67 426 1511 -683 -1220 502 -568 935 995 -1388 -661 135 1277 -585 151 172 1060 -506 -536 245 118 1044 1023 158 671 681 573 -1157 587 10 -268 1028 1485 424 -1745 400 679 -1003 -229 -80 -428 1084 -1405 -255 -366 1071 218 23 -294 -257 -9 -17 85 -28 0]
[-1453 -303 901 270 -541 -109 -710 -305 99 -1307 430 -1407 3 -486 1050 -142 -467 261 -840 -527 110 -268 -1044 1727 723 -506 -208 -838 -1110 64 1151 -161 694 -265 -335 688 -1089 590 -492 217 -474 -496 1070 841 313 -656 -642 113 537 -132 -362 36 -1642 -737 1127 -375 140 608 -1227 362 -404 -478 -783 716 -248 166 882 1118 -346 -1826 -135 201 387 580 24 654 666 142 -538 -1136 735 -367 52 -309 -196 -48 -466 -310 -43 1]
[-386 -117 3 -299 -938 -574 556 -390 990 -715 1344 -38 77 616 896 -459 259 -863 -207 395 461 -1332 -143 96 -491 311 899 -256 436 858 -39 -903 202 -149 799 668 194 -672 64 -771 621 379 991 -1434 105 740 -937 -1199 503 -522 755 -1733 -690 970 906 -510 1821 -881 739 461 1123 -494 2074 862 -32 -317 811 23 420 802 -741 108 -913 1013 420 -695 -151 219 -915 727 820 -1024 394 717 544 0 342 184 224 2]
[288 -459 -230 813 -455 -410 1189 -519 -567 -100 791 -7 469 743 -993 -531 573 -383 -916 537 -80 -835 -1355 386 1841 31 672 194 -347 578 -403 -719 822 -1323 476 -325 -6 931 -631 267 -734 -1019 595 676 -1887 214 -413 -897 -79 -534 -328 221 510 -381 1250 -1453 451 -611 361 1606 740 1490 193 -699 367 -131 1157 645 -891 -78 -1563 -1045 -1208 804 56 972 -217 -129 -699 -708 829 -296 731 -191 12 108 -168 -236 -92 -1]
[-143 7 11 658 -38 195 -840 -519 -48 -1026 -805 510 162 -632 -295 1397 302 -1348 433 -1733 -76 401 -17 1578 1186 -266 -300 429 -493 563 -743 -716 457 -595 -37 553 699 115 1509 -298 -393 917 -456 -1058 701 -456 328 53 308 1689 -274 1014 -1685 -559 264 -250 354 229 -404 668 -596 729 -119 1177 -567 -690 169 -196 -779 691 -986 -297 -1337 -382 1129 1337 787 1078 -1353 -808 727 512 1077 573 -46 459 -495 21 -145 1]
[-367 -476 -619 -113 787 134 -576 564 -743 -63 563 -914 123 -104 977 -1002 724 -938 -1215 -691 569 -353 -1014 -123 746 592 1542 185 435 129 -554 -58 104 -19 587 1251 -733 279 1408 -1082 -488 -597 -1655 -188 933 -398 -131 -534 252 -333 1246 168 305 -429 162 514 -293 37 -95 747 421 -783 905 -756 303 -87 758 -1687 -1071 491 329 899 -409 525 1353 -130 556 149 717 457 -511 -209 99 -247 -965 -453 192 119 74 1]
[-632 628 1345 532 614 -866 1078 -54 -1308 -394 -541 1186 -828 -834 148 740 -120 524 -408 -730 1413 -46 -1085 755 -735 -535 1297 -493 508 650 952 -324 -296 -193 -208 -123 -489 -746 -50 -449 -916 -413 -131 1140 -150 109 -156 -698 -684 -86 -936 -660 647 -777 1122 382 390 -869 873 -209 -233 489 555 1111 -1323 -1468 -886 338 -676 141 -1319 -565 -1103 1353 -1063 50 -569 58 -1355 -6 358 -315 -506 -576 526 -191 45 -190 -108 0]
[-157 580 -425 -629 222 487 52 1451 -611 164 -321 35 -680 341 1029 -888 365 -583 -393 -840 -604 701 350 -454 938 -186 1044 -4 679 -188 -256 285 -850 41 -303 1223 -351 -489 1030 46 -846 260 -1330 -40 87 -521 174 375 -667 223 590 670 126 -108 -515 622 -698 -289 -636 -792 -1370 -79 -1444 561 -788 1403 -1150 -226 -677 -272 -85 -64 185 -79 -483 -652 -199 157 725 580 -25 181 228 -76 -556 -73 -94 66 -201 -4]
[-148 -14 -576 -586 -102 568 688 977 391 342 957 -532 -228 -1152 657 -1440 -922 -186 375 1241 557 1403 524 -514 970 -607 -781 648 1286 257 -1071 1894 -389 -1170 279 427 -313 -332 -1173 -443 -62 1720 479 878 -592 -47 -1147 -812 -599 -762 -1459 -534 1040 -1095 -1863 -779 70 416 1221 -888 -1220 1365 67 -814 -172 -1348 -447 853 -603 1698 -336 -388 1217 463 20 -125 107 -366 475 1035 131 -1116 1069 -15 -167 -472 254 -155 106 -1]
[236 -170 706 -92 930 -307 -392 -270 -103 107 -203 -623 -233 -1551 1097 2447 -201 65 1503 -370 1723 1143 853 -699 -2016 -552 -1027 -259 705 -48 524 1147 646 768 524 226 -146 -162 -197 -2627 1298 643 -13 -192 1198 194 543 1133 126 633 -1092 -1029 -393 -557 -311 1399 871 480 273 -149 -156 360 631 1670 -52 -518 -979 -227 1106 560 1558 1560 -238 242 248 1012 -709 -127 725 307 -471 -193 -1023 -402 306 332 606 387 201 3]
[-1431 542 -2315 670 927 476 -801 641 -476 310 -403 489 763 880 66 -850 252 -175 -1341 1071 -926 -1367 -266 -269 -57 142 -543 458 1387 -1475 -237 638 -1086 974 -226 144 -846 -549 106 -19 -596 349 443 -1824 -410 -137 -795 504 270 203 2009 255 -286 74 -251 266 963 253 -303 871 208 -454 -1033 -929 595 841 38 -197 607 -1092 -624 508 295 652 438 -539 -731 -1388 424 -622 321 176 -341 -428 -849 16 -105 -189 12 1]
[-191 275 -1107 -331 -285 -1868 -537 -369 246 -61 -358 -624 -697 881 -456 542 -587 -208 -787 -328 446 -427 307 -303 625 1373 56 -1356 187 -53 -442 277 -142 -41 -177 -563 399 -390 -563 -60 -283 -1181 203 307 219 1222 129 -964 788 -967 680 -1479 616 935 -11 -1106 -98 -814 -1101 1239 221 -305 -81 1002 -517 313 781 301 358 458 -304 198 -667 228 -527 21 -437 -1221 791 -1024 -13 -703 -883 -1444 -239 -373 255 -63 -59 -2]
[-393 -1845 -45 -1704 -375 -1930 -88 191 528 -918 1259 -2231 484 992 538 -508 1267 -2031 -1032 -186 669 544 -717 -131 829 808 14 214 1234 432 -608 -558 666 -393 288 1119 238 1140 -714 -1379 530 -262 459 575 -930 -1002 -691 706 1344 -781 876 -819 -741 63 -665 -1356 1040 -406 -232 726 927 258 435 661 313 -1388 790 342 14 225 285 476 -1070 -110 494 534 -161 -543 -231 -687 869 -778 166 -88 -693 -339 44 76 3 1]
[265 106 -257 -685 -630 -240 809 -492 -219 363 189 -734 187 54 831 63 272 -505 -218 949 -156 800 319 -105 704 911 147 -21 382 -1463 413 -614 561 -1464 1261 -314 -468 1806 -684 -186 -40 -492 -325 990 -183 694 819 625 -1014 885 -1577 -1019 -244 1365 840 -1095 518 -1193 1394 248 -108 673 1485 684 370 -1199 350 1246 -277 307 -237 532 958 1045 336 203 -19 -290 -63 -443 1009 -477 885 311 236 463 -210 -121 1 0]
[363 947 -365 -417 -477 98 233 685 -427 62 -359 -608 -697 288 -186 387 61 46 -111 -997 108 93 1335 -302 680 -911 617 -399 -137 589 373 330 -268 -126 204 309 756 434 -98 -52 418 -789 156 599 -709 -44 -683 890 65 242 -349 672 164 -649 1119 1339 266 19 581 -346 179 196 -1321 1157 -727 902 -80 428 -410 -708 -250 788 -291 508 -1173 -1111 -474 -329 -283 -736 496 403 195 -225 -118 274 -467 -33 -226 -4]
[-76 -241 559 160 930 -1127 -1130 -305 -480 480 -778 -1108 -138 178 582 -52 -976 174 -1341 -1027 -156 1896 327 -891 370 -968 1037 140 100 -647 -433 -305 1313 139 -724 1226 -841 -684 85 228 944 -685 -884 316 -120 877 -22 -105 393 790 -152 -43 -815 151 -241 82 61 1140 -270 1172 -588 81 -1189 -8 -818 -153 -974 1157 -369 -1185 881 409 -589 -616 -470 1158 945 638 157 859 -449 -1226 33 -388 -812 -681 223 92 -17 -1]
[511 -981 371 -1227 -299 347 345 -378 -135 388 766 1076 -316 -400 -559 -742 -659 -110 -294 597 1110 47 26 656 -2014 1250 -519 -783 936 181 1264 114 -296 35 -794 -727 201 -1003 -1168 -39 196 54 -258 -158 -400 -909 -106 -999 383 -165 -182 -1247 161 -1116 -716 -991 260 77 260 50 -512 -522 366 -1262 -140 -469 -732 -1378 130 589 334 -1047 1006 582 294 90 -1337 -1117 57 -282 -189 -873 71 -317 252 32 238 18 -106 3]
[575 -423 -64 366 1485 -533 -314 817 -476 -860 916 -746 -1143 1129 619 901 -653 -1391 -887 -877 -39 825 880 -1503 -55 -1 -351 241 72 237 908 53 716 -1177 756 1310 602 410 789 -888 422 614 -135 339 -57 -421 -837 815 -685 928 -1378 -672 -465 -747 94 -359 202 -304 -845 145 165 194 -191 2073 -672 -294 -1241 1577 -436 -77 -20 -55 -7 -495 -274 74 41 421 84 -391 875 -203 280 -881 151 308 -369 199 -311 -3]
[-136 -950 52 215 -562 439 -1361 -382 272 -107 1478 -376 -460 576 -77 -2026 -94 440 -20 92 -1085 -1097 -2151 979 -514 842 -967 -697 -147 -271 1194 -762 158 1079 326 931 -243 994 636 1147 -247 -466 -345 511 372 -1020 -353 283 953 -1496 742 342 801 -1355 -821 -755 -185 -185 -1066 -869 17 -825 -323 -1069 1083 35 427 -760 641 -544 249 -182 -446 -641 721 526 -844 93 1332 -122 -714 732 -366 -478 -814 25 -225 -116 -131 0]
[150 -1292 1151 671 -1050 -578 -1865 8 342 -345 -1255 137 1158 515 -84 533 1705 45 -1125 -370 -332 -507 763 894 -416 500 258 -414 -1959 -156 -58 -911 714 581 -384 498 -328 -564 860 581 -97 -884 -173 393 1095 -281 -246 -229 996 1156 1403 1396 -1740 775 616 796 -713 -128 -520 299 1082 -1962 540 -371 152 1495 794 -1092 -370 -1559 -569 -141 -179 -897 184 -558 761 740 600 17 79 881 13 390 -19 231 9 122 -191 -3]
[-1588 -240 -711 545 949 1105 612 867 -169 -1439 363 -2131 -213 442 1615 -1313 1047 -510 -527 -811 164 576 -252 -613 1993 -1143 1981 -309 118 -449 -1106 508 -137 -1845 -19 674 -420 -18 -152 -1401 -585 -1686 137 256 379 -593 696 -1540 -545 -1346 922 -909 285 13 -1250 658 -329 147 -1035 1560 871 -364 15 266 -371 -7 869 -219 -364 -439 -16 1097 68 -554 -436 595 1021 -892 432 454 887 -609 248 224 -535 -500 253 164 -266 -5]
[972 -1779 1039 -1180 -1198 -1197 -208 -513 683 -19 756 -443 441 -118 -713 -713 1286 -878 5 608 811 491 -12 -255 -892 1897 -785 966 1005 45 -353 -340 431 299 -188 -15 747 963 -828 309 934 -384 276 1054 -575 -375 -370 57 751 60 272 14 134 -190 -1526 -796 -148 -360 -428 -167 1162 87 967 -447 368 -826 183 -637 1089 1029 203 -433 -49 -1005 409 5 -338 -738 378 -63 132 652 -402 -240 46 -89 -107 -67 -152 -6]
[224 81 -465 57 875 -508 -399 67 655 -157 668 981 -974 912 -23 1062 606 707 -472 -215 31 -1895 -269 358 736 84 -307 -147 -1108 2047 -793 -131 -336 -1100 847 -314 40 -283 941 -979 876 1209 20 -1245 -703 -321 -344 -127 -292 523 -833 830 -41 1045 1631 -680 -51 270 412 -61 212 389 82 1548 153 -417 305 969 -400 1342 -421 -109 -658 173 1687 -853 173 2116 -1029 -34 -386 1023 1063 1466 490 510 -246 -30 -4 4]
[1207 -474 309 -437 -723 -885 85 -334 -31 175 -457 83 610 -1023 266 -307 413 306 33 959 -129 -666 -1118 1521 -1035 2280 551 225 471 -1568 830 -901 121 166 30 -815 -645 869 171 286 -388 -491 -788 806 217 349 1297 -466 411 -168 -660 410 514 515 -768 -1032 -377 -698 12 156 -555 -562 1294 132 -1 -541 1391 -1056 -177 -292 206 -532 82 605 975 562 -675 -212 604 -595 -139 135 43 -31 -14 84 261 149 53 2]
[176 -30 -255 -138 98 -1161 -27 182 259 -681 279 1199 -1947 -544 -54 -49 -1512 122 -1307 -704 363 -399 287 -311 424 36 -158 -932 453 734 -109 413 266 -780 550 789 -166 -943 -725 324 709 -82 -151 698 -989 498 -697 -1327 -36 360 -437 -205 1464 -286 142 -755 391 -100 674 100 -419 1037 287 1362 -857 -1594 -767 1180 377 646 -934 -1158 167 68 -915 12 -113 159 -700 -727 120 -331 360 -397 948 -31 167 66 -58 -3]
[690 668 -1287 153 -569 5 -1063 830 1076 305 -653 -1489 67 173 73 -405 -609 223 394 476 -361 -821 351 -256 2389 -226 13 -25 252 -1165 -885 1574 789 -378 1540 369 606 900 302 865 -29 700 689 102 -1245 761 -318 196 -1359 154 -1067 1681 512 646 264 399 -958 856 85 311 -822 1074 -1476 -1278 1050 -587 879 373 655 417 -433 -37 1028 -787 360 325 1086 -981 787 482 -657 97 -11 484 -988 -102 273 -78 45 -9]
[563 -134 338 72 -477 807 227 -686 -773 1249 -222 100 1757 892 -1145 -134 -73 362 -497 1128 -1634 1514 783 -1375 -183 71 -162 1130 -187 -691 -508 -1251 142 502 409 -391 -218 -313 -372 1104 384 -402 -468 -800 431 301 -950 1172 452 407 1035 940 -833 359 529 229 18 1292 133 255 1165 233 -465 -1126 72 1782 -1189 692 -682 -605 1313 -4 294 -775 -489 -494 1123 750 323 1075 -535 -440 668 622 -35 241 -91 -100 79 7]
[509 -497 -1033 -296 -1495 -781 -421 833 1079 -582 -960 -3278 813 -564 1299 650 761 -1164 -742 -428 676 459 1588 -821 1758 -1560 931 566 -1136 -180 -1077 1334 2495 319 599 596 155 743 -517 -909 859 -5 1193 810 -367 642 356 -162 1781 2067 -132 777 -1202 -93 -141 1003 161 415 338 1411 -422 -182 417 -198 281 -144 2012 -693 59 -1796 -372 1555 -428 -112 222 661 246 -553 -88 -274 828 -127 493 -384 -505 -193 -305 59 -51 23]
[312 295 -346 -289 87 991 -1280 1149 417 711 -1108 341 834 -1339 -426 820 1146 123 1934 141 93 -19 72 671 -474 -277 -595 312 973 -818 -375 908 -1079 1538 959 639 -480 53 993 -244 1228 908 -274 -404 990 -326 188 -290 -638 550 -13 1774 463 -947 -185 1363 -742 -64 -356 -1156 -599 -432 -1000 -1175 78 -16 -367 -905 -416 408 93 699 -214 -342 1092 -208 -43 -145 802 771 -961 835 -1367 -335 -405 78 -3 -233 -95 -43]
[8 1313 413 -156 -874 1351 1084 294 -120 904 -809 622 151 -141 -981 -509 -865 717 -419 -42 2 -568 297 -896 271 -236 1584 163 -126 448 -228 -100 181 -456 -1135 -1403 -38 -1047 -1210 247 -670 -167 964 -636 -569 -347 190 -1243 157 566 1288 355 -764 -286 -423 667 -1108 1076 -278 712 425 632 -398 -1713 -265 459 532 -529 -185 -2361 228 160 694 83 -1337 227 878 -1117 -929 431 354 -17 318 106 34 -368 351 124 184 38]
[249 -884 524 14 -608 -1047 -862 -100 -459 201 -390 -1471 -770 -321 516 -144 145 9 -1207 -418 267 822 479 -899 647 -629 1028 -68 -302 39 -800 96 411 -164 210 -230 -276 99 -914 95 232 -705 202 201 289 -73 444 -491 96 1555 252 624 -1749 627 692 1262 -680 484 -560 1087 212 -819 191 -718 682 607 329 460 33 -1112 11 1021 295 -774 -763 1070 420 218 70 72 18 -51 47 -176 -186 86 -67 58 -176 4]
[-362 379 -2486 415 253 312 -79 -630 -267 -15 -1726 1243 -26 -392 572 1085 -85 -556 137 -521 117 318 1602 -11 163 -1368 263 -434 -280 174 -439 1126 62 249 -255 -369 249 -1294 794 -215 -222 779 -389 -872 -291 1240 1292 -548 -713 1919 625 -521 -752 1927 664 1082 564 -686 680 843 -1150 -888 624 433 170 323 -168 -645 571 818 -138 359 223 458 475 -933 -70 -440 -683 -304 121 277 -257 -69 568 258 184 156 56 -29]
[-32 1037 498 536 -630 173 88 914 -459 -938 447 707 -374 -1786 -200 -673 -615 -1106 -336 86 -682 416 -969 -256 2108 -4 654 -158 -506 -206 35 406 333 262 78 675 -580 1086 437 671 -1549 474 -417 515 1550 -534 189 -821 673 456 -595 269 148 -1397 56 -899 -770 -130 -995 -137 -2061 539 1051 -8 -273 1311 275 -921 -1729 864 -955 -1307 -825 -555 -949 1529 1309 1485 -464 837 -28 -481 1133 78 -9 255 -77 83 49 -6]
[887 377 -822 159 1759 -319 -579 1013 -226 1491 -811 364 335 -201 -805 1041 -236 -1402 -440 -1542 -273 1090 383 -517 -285 -590 781 1381 -83 -14 -690 -131 -431 135 -404 880 300 -765 1356 439 -114 162 -1455 -34 256 136 137 687 474 1170 904 298 -89 506 567 953 -577 -139 -255 682 638 490 -522 241 -679 500 -347 -547 -1629 -615 316 915 -793 217 -163 364 84 1075 -133 82 -673 61 82 186 -586 -255 329 367 103 -75]
[-124 -1214 -956 -554 458 39 -279 1023 681 -78 663 682 -431 905 260 133 837 -57 -311 742 899 -709 1450 -820 -337 -486 -941 -341 160 2198 -703 1377 -564 -205 646 142 481 -919 -1429 -1067 1655 1163 299 -627 -113 -675 -1161 -302 296 -523 -254 -282 719 -1761 101 -306 674 473 1336 275 519 66 -1459 -212 667 -711 -841 -692 -824 1313 -751 -280 -274 309 679 -1002 -2010 -98 278 -481 66 -386 688 -309 382 255 139 181 -11 7]
[-108 164 -302 189 -1027 105 1555 498 886 -1117 636 -928 496 -504 1100 -1343 -1177 -540 -715 1318 -1264 117 522 -1012 1267 -357 198 278 -407 -807 50 727 1170 -1088 6 404 131 -651 -1443 851 -203 964 1775 400 136 626 -87 -146 910 -259 -68 46 -825 904 -1049 -604 814 1098 -279 1121 -1092 213 561 198 1193 -543 450 871 813 -1230 458 -1283 1531 -1114 -837 1230 404 -281 469 417 209 -1817 1257 507 676 121 485 684 336 -69]
[-537 -156 -1163 -104 112 -421 -110 -268 387 -47 218 -540 88 106 -70 -1050 189 -801 -554 601 299 343 -157 325 714 1046 -415 -237 1451 -1249 -314 430 30 -946 44 349 539 928 -328 598 -1265 313 671 116 -1055 -261 -258 -132 -710 -611 -319 -862 -819 614 -1057 -1576 933 -1327 -267 251 -128 742 1244 -224 278 -1227 133 394 582 1199 -1288 -299 1778 -476 237 -378 -196 -1604 -104 102 954 -46 411 334 -616 -98 -103 -227 -3 -4]
[-651 499 -1417 -1 2448 1145 305 64 -1053 1786 293 1608 -290 260 173 -322 86 300 -1226 762 -772 978 117 -421 -308 503 4 -550 496 -1273 336 299 -1070 -315 148 -386 -1240 31 236 -58 -207 427 -1590 -634 642 -1016 1265 520 -1143 584 467 -1274 326 -519 662 -915 -180 -1191 167 181 -488 -579 1161 -672 209 1032 -887 -1 -1038 133 594 432 1299 70 560 -965 -936 134 386 379 69 -214 468 428 90 -46 196 -163 -37 37]
[9 -299 -1781 -27 -1293 -1119 29 -26 -297 -155 -1488 -32 220 -564 948 -257 936 -927 -1340 396 283 507 405 -301 1314 787 240 -90 -126 -876 -725 192 442 651 830 -50 735 338 111 -97 -273 -871 -776 -709 443 959 2219 -321 398 1728 412 415 1066 -24 433 -23 1228 -340 366 1813 -915 -244 26 -767 466 1157 1221 -1491 737 218 -424 -158 -1254 153 711 -269 -590 -888 625 -71 -44 -420 -474 -680 85 -235 246 222 -8 42]
[-213 1193 -293 1200 -206 963 1347 1077 -1307 188 311 -287 1375 -507 505 -1430 -454 428 281 923 204 -32 -137 -432 1565 339 103 837 307 -1128 698 850 481 -60 588 -1021 175 -384 -209 548 -613 504 -152 38 26 1375 135 -217 -596 218 -1120 235 1075 -554 125 -22 -298 1011 1325 -139 489 1732 -138 172 832 -308 -789 -12 1261 179 1 -168 1148 612 -772 356 -868 -192 1025 57 -663 -805 272 186 254 178 -429 -104 29 11]
[648 362 -1506 513 -536 -260 356 -10 623 -459 83 577 291 85 -417 -1057 -491 -174 -2070 793 -1298 -655 471 -511 1765 521 125 232 -597 -10 -358 -374 966 -803 1025 207 -290 -31 26 814 -214 689 237 -1398 34 282 -1252 -1149 1196 1402 -215 1619 -158 -1126 800 -1832 -80 187 -189 1358 -919 -81 124 -689 -962 804 431 -53 -693 -631 -846 -2122 31 -511 115 -444 485 949 -26 38 236 179 1307 1105 258 341 6 -193 69 -110]
[-890 609 -1598 -361 -596 714 731 400 704 -509 -159 845 604 1050 187 856 496 249 757 788 -353 -868 642 -980 -519 -379 173 136 153 -315 71 -742 -684 876 171 25 151 -235 227 -348 1000 -443 -309 -1519 1191 512 935 -885 56 115 1593 -1384 1183 1093 129 -820 831 -763 25 -69 -286 -704 -433 1373 190 627 -248 -307 136 1015 -137 -177 -761 -253 386 -1345 653 372 -140 265 258 -730 -442 264 632 -54 -144 50 -148 -16]
[-1117 -316 -1219 -591 -720 19 137 -564 449 82 248 -508 -191 66 460 222 289 -382 -17 5 -313 1404 1054 -211 750 -580 -167 -563 -20 -12 -837 277 -477 -647 700 527 -1256 119 -521 -491 495 -325 1291 5 -728 273 -1083 709 -501 126 497 -667 -942 146 1717 270 500 -333 -791 1893 94 9 -1659 355 -44 1168 -491 2537 -625 475 797 860 374 968 -239 -699 946 -533 415 -843 206 -768 -444 -772 170 40 -167 -193 276 -183]
[-911 -534 216 702 -802 -1180 -96 146 247 -1087 -472 -1229 679 1008 690 964 379 170 189 -304 710 -257 -114 -342 -493 411 -932 -414 413 -327 443 -542 967 561 1170 903 -836 -142 192 -1194 -188 -743 963 566 1847 1298 -520 175 709 -52 -628 -789 981 -1541 -83 -388 806 -1038 1103 399 -890 758 -119 1783 -37 -2124 -1358 122 812 419 -572 -387 -1415 195 -344 382 -1242 -79 843 -677 312 -600 -556 -1718 293 -49 -508 -448 -329 13]
[225 533 -168 127 666 719 -465 971 -500 -116 -583 -693 -404 -1262 562 107 -35 -244 204 -272 245 -262 -143 725 12 457 -168 -449 -72 -511 702 848 -351 -172 609 516 298 867 317 -430 -936 -1 -356 1409 1363 -562 661 -70 -479 -173 -1244 -99 576 -1741 -148 343 -442 -118 14 -408 -640 -296 912 511 -597 -490 539 -1126 -744 333 -303 665 220 465 598 -185 -573 -1263 182 -98 95 374 130 -657 -178 57 -84 -96 77 81]
[1642 218 2315 18 -1426 -54 689 -211 -762 738 544 -1290 885 -140 -1220 227 -215 -51 474 -170 690 455 -111 -949 275 577 313 735 -906 550 549 -777 717 -290 -491 -925 427 1611 -566 1566 -450 -1181 -876 1414 610 66 261 190 252 253 -376 478 -403 556 114 323 -1991 742 -357 -957 307 818 -123 -243 62 1246 -63 -68 229 -623 572 -72 591 -812 -1332 1122 474 1225 33 759 66 113 531 1063 -36 -150 -513 -94 -99 -41]
[-205 -1465 705 1126 1716 42 -615 12 -241 72 -537 -2125 764 399 1650 485 1343 156 -269 136 11 706 -1033 139 -546 999 -276 297 -155 -2133 142 -564 483 -9 226 445 -29 866 480 -1244 -93 -886 194 14 615 -518 1463 779 -107 656 -296 33 -558 -740 -1154 201 166 -914 -1342 1781 108 297 -294 1023 429 -602 430 540 446 -1300 623 1511 40 -1034 705 1630 -767 -459 888 -762 -180 516 -1354 53 -768 -137 -19 280 -269 72]
[355 -687 -1817 -357 -98 -282 -1586 247 1398 -55 -1396 -682 172 549 -545 322 -220 -1794 132 -332 664 33 1859 -145 583 -1300 -1886 -957 47 113 -1066 1400 240 664 1690 385 584 -63 -382 -241 690 -468 992 -408 -530 828 -824 223 222 824 -478 75 438 -579 576 1135 1471 74 146 580 371 86 -1152 -1841 -43 1674 262 953 -263 489 -90 195 73 30 188 -1002 48 -1241 848 -549 -223 795 -1007 -957 -209 28 -10 -203 3 78]
[247 -817 1025 -462 -1090 -143 -94 -900 -175 251 -678 1489 528 -478 -851 -29 -178 846 -430 322 -708 367 505 317 -1394 561 449 202 -635 348 401 -1819 -728 1503 -1004 -214 186 462 -152 1424 -152 -1218 -452 455 531 -1062 -558 -208 883 273 1535 228 -145 -100 889 562 -64 -879 -251 559 657 -1394 -690 -359 127 1605 591 234 -771 -383 -271 -27 103 267 -1036 -601 1053 8 -307 -1150 329 122 -711 -766 877 45 -235 -228 -82 94]
[-250 695 867 -148 -1430 289 1226 -6 141 -609 -131 -614 406 269 307 -12 -657 1073 973 441 -51 146 -301 564 867 120 -601 349 -595 -623 1131 204 506 -242 -1065 -503 -226 400 -298 274 -784 453 359 983 -655 931 629 431 -365 -602 -710 71 296 637 -816 -668 -91 -409 220 -1435 -876 1232 -999 1124 -337 563 -89 1329 1415 -740 138 -602 -162 -43 -749 424 742 -167 69 -862 199 -421 -409 288 21 -47 -113 -132 -126 86]
[651 188 97 -774 42 42 571 -240 930 -165 -255 1299 -774 -1648 -381 -61 -534 -284 -371 1161 -546 1248 1076 -46 665 530 574 -113 -441 -336 -1043 -292 -960 -1737 480 4 -397 407 293 893 9 39 432 880 -254 224 247 -516 -843 1157 -1048 176 403 651 257 -708 -794 -457 643 -520 -557 -147 782 3 -107 39 551 1786 -420 755 -521 -572 2122 -793 -1047 -601 2174 482 -13 -61 609 132 375 200 762 305 -208 -255 144 -54]
[225 363 1055 -450 -615 -561 193 873 -753 -48 864 -459 -881 -1379 1138 -850 -208 514 233 719 140 255 -345 -863 -280 767 8 396 1111 -518 696 357 -410 -820 308 315 -1013 674 -1077 -495 299 -170 -697 33 2017 -1047 390 83 -422 30 -168 1023 -786 -144 -765 999 -350 845 -569 -1281 -564 -877 -134 -485 1169 36 -162 -40 761 -325 949 -256 858 -641 -14 651 -590 641 1115 1137 -250 -667 161 324 162 281 205 -365 -32 78]
]