[[295 728 2717 1254 -661 579 -220 26 -1524 -1299 -487 609 -760 -1962 1379 1534 268 -9 382 -761 -808 1069 3 -501 -60 13 -403 1049 -505 556 280 -1950 1119 -264 -410 574 569 -997 762 289 -515 -1139 170 -446 368 -484 -1545 -1438 -516 -396 -363 1619 793 -1755 887 818 -290 -356 926 -1050 41 659 335 -1090 -338 -30 -1170 1000 -1448 1046 -379 1652 -229 2123 -400 142 480 -236 788 725 1940 -369 -24 -919 78 -167 -251 160 -1 0 0 0 0 0 0]
[-2088 575 -2009 1005 252 -1544 669 311 475 114 -697 -292 -904 -190 -1429 -252 801 201 -2466 851 1085 -1023 1341 -48 -162 376 -713 -1158 1069 -581 1460 -38 -1091 344 352 -149 -2084 1470 504 -218 956 1880 876 -1719 793 430 266 2026 -1509 865 985 -769 -734 1970 -101 459 468 -406 1671 620 -306 -269 -821 1175 7 -210 702 -51 9 -511 1036 -1097 -949 -310 716 -493 -718 659 -1042 -1014 -530 1206 -576 1550 -235 -407 -583 -417 139 1 0 0 0 0 0]
[1961 -1395 -1059 -1842 684 1034 -492 164 387 959 -1198 -743 841 599 836 -456 -1 573 510 694 577 -111 -617 -78 -227 -1138 -1528 170 -1315 -637 -221 1570 -567 -1381 921 1387 1569 -1968 -191 235 -313 -217 -1372 1314 -1370 207 594 -78 1023 769 108 -1788 344 526 -505 796 332 256 -232 -361 -17 447 431 1186 1958 1010 553 -278 1456 -762 1617 -595 483 -1617 15 1261 1416 -400 40 266 62 -1386 95 -1218 -121 384 1115 419 -137 -1 0 0 0 0 0]
[-1459 -426 -1495 -818 1405 -1593 -1121 133 489 221 -886 -832 78 343 -874 -207 -1246 594 -1157 1312 -401 1612 895 -154 -1436 1240 -397 -693 -975 125 416 299 -1628 -992 177 1095 -363 -999 819 778 1526 289 -1387 282 -732 105 638 -665 390 330 963 -872 -919 189 -312 -213 -318 515 2004 1002 -435 -282 -727 1170 738 642 -215 386 -320 -85 1391 -880 -1445 -854 -1004 -1081 874 -278 1143 338 397 -230 250 -232 -439 212 -1126 -262 129 31 0 0 0 0 0]
[63 -621 -2155 582 -78 493 934 482 628 846 -1031 -730 -1219 568 -373 -172 1374 -217 -187 533 1087 -1707 694 208 255 -2191 -743 -274 910 -463 419 -629 551 644 -169 -815 905 144 -1459 1977 -509 746 648 -870 -222 283 721 1761 -989 -241 204 -397 -1359 1374 333 1713 1333 589 -439 -458 -342 -456 897 212 1667 642 1367 -992 150 -725 779 -2335 292 -951 1835 -540 155 1155 -999 -305 -973 377 426 -498 396 -241 780 -53 -76 -20 0 0 0 0 0]
[-485 284 996 113 106 -495 313 258 1164 714 1064 -146 699 -297 1004 -1539 -815 -1414 -726 607 -1584 1262 84 -761 -1341 1720 1724 -556 229 232 -129 73 -1213 -411 -887 -955 -603 200 -16 -902 1523 -1034 571 -1 -131 673 -828 -606 365 867 -1426 -239 247 -1002 -387 50 -964 -158 1171 2243 -441 -942 307 -929 -851 -718 -1017 1374 -907 22 -397 1021 -112 -385 -1108 -2388 518 35 -252 -695 938 -762 103 867 -67 417 -885 -134 28 167 -18 0 0 0 0]
[-189 -711 -2047 -1525 1324 -468 -600 774 2217 438 142 -511 -76 1983 -1123 -153 -108 -261 1622 149 -983 1430 -1169 227 58 -1172 -178 -596 -595 394 -835 597 1203 -159 -877 -158 495 -491 -2432 1965 216 -307 -1472 1271 196 -280 577 -533 885 -1366 652 -322 -598 151 -590 -1206 -209 1340 -1157 -958 106 1795 161 1379 -113 876 253 -1317 481 2017 -203 -1183 414 -1546 1452 -511 759 619 697 989 -859 -496 -43 -10 -707 -32 139 70 -88 10 0 0 0 0 0]
[-814 1046 -1152 -523 -19 -628 20 998 -244 1242 -1873 -768 649 -1255 234 -588 30 170 -726 355 -1204 969 -9 -1394 -533 -504 -726 -355 -176 127 967 -1543 -88 -224 744 -109 536 -1646 580 86 1333 -225 967 -1256 180 -200 -20 -341 -1016 1392 254 -1428 1 101 -169 1194 -351 275 1471 876 -150 -935 -77 1041 466 -663 -1355 1831 -888 -795 790 -938 887 126 -2792 -107 773 1235 430 1334 1026 410 515 -1380 -711 171 -713 -139 268 75 -34 53 59 -1 0]
[-335 658 -1426 88 -894 182 1802 1567 2321 415 -1784 -1826 105 134 -1452 -1235 661 398 -1826 738 -410 -1541 -912 -376 603 -1146 -2022 -1978 1065 -768 1458 1304 -1231 -309 269 -906 522 14 -266 -1340 2015 1250 1049 -1764 278 773 -186 892 -1151 1633 -232 -2633 1677 1851 -682 -508 504 -1350 173 -716 520 2030 -637 1892 82 -1284 223 962 521 -975 195 644 1334 -1351 625 102 -522 1976 -1205 -911 -27 -712 -841 885 -1616 391 134 -121 41 137 -18 0 0 0 0]
[-934 588 -174 -445 347 58 597 -374 406 -638 634 -22 -142 2339 -2353 -333 -1459 114 -1467 754 347 -99 2136 218 -228 1773 808 -1260 1492 -170 -423 500 -976 14 -1086 -1086 -44 668 -215 513 69 889 550 596 19 375 1295 -566 172 -1369 625 1305 -475 211 755 -2442 -1245 849 1581 -207 -782 -552 -1564 -313 85 -30 2769 -869 492 -633 -116 697 -991 1090 464 -1610 -1705 -677 396 -1081 -794 477 931 711 622 208 -286 -144 -1 0 0 0 0 0 0]
[775 -754 -551 -54 252 989 -745 -678 1205 202 350 184 -1337 -821 1118 328 47 294 1594 -954 -992 -454 -89 798 596 -984 100 1866 61 645 34 558 1289 694 -848 550 253 -945 350 1358 -650 -1641 -640 185 -740 506 12 11 -58 -828 -697 14 -1251 349 1071 1759 279 378 310 98 -44 236 787 -18 1476 29 -1306 58 -1259 1123 230 -1622 997 -879 755 68 1440 496 -106 555 594 -493 -1583 237 461 494 -621 -33 -179 73 16 -53 -59 1 0]
[-357 1867 -823 -501 -1380 740 -214 589 578 -214 435 1629 436 149 -981 -230 -713 538 286 297 -170 157 -220 285 -3 -50 -927 -632 -357 -845 -264 -38 -13 552 854 104 847 -883 -229 1259 -145 812 429 -248 930 -361 1601 186 264 -424 386 -2007 -609 967 -201 -556 126 -536 77 -449 -179 994 1023 1341 704 -424 -940 649 1762 -504 98 -754 453 -1283 -429 905 412 895 -37 352 -1163 94 -292 377 -880 659 231 -548 -424 173 15 -53 -59 1 0]
[-1362 1913 1614 1058 -1771 403 100 908 -2837 -1103 -734 1165 1372 -134 -1823 1520 -1382 942 -140 -323 -391 1357 75 -529 -82 570 -554 -42 -217 167 107 -2017 490 1313 142 676 1487 -860 -148 611 449 693 531 -1645 253 -799 1863 -1061 -727 774 218 737 -512 87 1517 -129 971 143 -340 -74 -334 422 972 -1440 181 -3 -521 659 -1196 -127 -481 -772 -213 824 -1751 -207 -951 -119 1160 1546 427 -95 1732 -1890 -264 113 -343 -234 -54 138 -1 0 0 0 0]
[-671 191 -869 -543 1455 -961 35 1333 -508 1170 -1500 -1344 1108 1754 -1308 -533 421 -129 -98 117 436 127 450 -713 698 571 -1130 638 -515 -464 773 669 -1485 -908 838 1580 -2028 -302 412 -645 400 -380 -636 430 318 267 -446 680 -1128 1998 1560 -450 -63 2352 80 -1151 -1034 174 1378 378 96 -64 -1135 1228 -515 111 1357 -156 617 879 2117 -1016 223 643 -1577 -130 -287 703 776 1551 447 -499 506 -318 -579 128 -233 264 127 74 -34 53 59 -1 0]
[-84 -766 -1942 -1759 124 -691 552 -1363 901 1207 396 278 625 922 158 -1116 1327 -250 191 -1141 104 -222 -544 -402 667 -1472 1237 846 2173 847 -778 -310 798 1405 1199 -599 -1129 1801 -241 -1784 -1403 1478 416 -169 -406 -188 506 1192 925 753 504 -103 732 -221 -852 -346 -758 1285 -1639 551 -125 -1164 -840 639 -529 -872 100 -1907 825 -1544 -721 -447 1457 103 -87 1858 -1070 928 188 576 -1564 1798 -473 -187 1401 -1373 430 -19 532 -470 -71 105 118 -2 0]
[-635 852 -71 953 3 774 426 317 -1332 -708 -796 239 -1339 -2680 415 996 956 537 -740 -1652 710 -435 379 -483 824 -276 -1302 1239 566 576 1268 -537 2344 515 -608 311 -120 -270 960 740 641 375 1791 -1943 1022 -27 -218 628 -1283 -138 330 704 -545 890 1537 2016 1695 -363 -1080 122 616 185 1145 -744 1355 -59 -1506 676 -3383 605 -1189 -1114 1350 -94 414 -231 522 -156 -1108 1159 552 1228 -895 263 -589 442 -167 82 153 94 48 15 -58 1 0]
[-758 555 -766 790 -716 -150 -917 501 -433 -134 -226 1087 -1311 -1310 669 367 518 -230 556 1257 -910 1469 -792 579 -824 -1284 -1841 -1617 -2608 -987 1525 -1705 1079 60 -70 -593 38 -2058 -307 1769 392 -840 83 -103 1080 -423 -852 -93 -984 185 247 -87 -1188 -1051 -394 960 1271 -361 540 -420 -97 1 820 732 -69 624 -1059 978 -388 1603 562 -822 -1059 43 -1274 -655 1060 1412 814 129 1036 -870 708 -225 -1213 -62 421 -97 -266 246 -19 0 0 0 0]
[-445 -2 -881 -1538 -62 1051 -88 626 20 1060 129 1004 316 1764 181 -279 100 -72 -868 495 977 983 1221 -548 563 138 200 16 1360 -1528 1245 616 -790 531 -627 1048 -1243 -511 1060 125 -388 109 89 665 -579 561 455 901 -538 1209 459 -285 -995 541 614 -1019 -626 830 1257 1217 -50 -1225 93 197 2093 119 743 -1815 212 141 1156 -1243 -62 -146 -731 -690 -278 -136 764 -139 -388 337 -426 226 1424 -394 565 61 35 -162 -74 52 59 -1 0]
[1810 -1092 -92 -390 -631 1047 -528 654 569 -494 499 27 371 652 -287 -366 243 1208 537 763 1611 -1892 -229 939 1933 112 -1617 403 -564 -1138 571 2573 -983 185 768 1108 -483 68 1632 -666 -598 -486 -962 1723 -749 398 -695 1442 -1566 -752 122 -1911 210 1463 263 -872 933 -1147 37 -1157 905 727 -1369 1390 422 887 703 -1083 3094 71 1009 -228 -62 -246 1189 1193 -664 -810 -1502 -1045 -764 114 -835 403 -838 334 906 -56 1 310 -75 -54 -59 1 0]
[758 -2569 -392 -451 743 -690 -327 826 778 -201 -893 -1283 60 1604 -807 639 11 1090 820 156 -417 638 -1381 403 734 -581 -797 -324 -567 -650 1215 815 -247 -4 -131 749 1031 -702 -185 -933 263 1129 -947 600 -1131 -1143 258 -464 -352 -461 167 -1017 1299 -720 366 -1022 921 1395 -1260 -1038 667 2666 -885 797 347 696 1399 -2111 -335 -500 -385 -850 -273 -900 1479 847 -631 -260 210 109 -682 -168 -48 -1401 -375 -260 247 422 371 -31 -130 -2 0 0 0]
[785 -1086 552 911 548 -486 -937 27 -780 345 812 47 1273 1423 -337 501 -1219 -386 1731 -276 356 771 -417 926 1151 47 1360 417 -916 -447 -350 274 -1021 1082 825 48 118 184 604 -442 -18 -1026 151 538 -595 -952 462 16 -1377 -595 -839 429 92 -328 1168 -690 72 136 -600 397 -72 -575 453 -1122 -808 243 1117 -12 1114 182 211 -768 192 656 -1448 -90 -1217 167 254 101 -407 345 1305 -1375 -793 -2 -182 6 851 537 -163 -10 0 0 0]
[-1148 641 -219 145 890 -355 -324 8 -946 -783 -527 -1068 -1873 -687 -1328 1519 -307 1931 -472 684 -160 -516 1076 452 -60 369 -1317 -666 -1011 -994 2115 -161 -118 -1142 -1355 47 -653 -1344 802 -647 -168 -460 18 460 1392 -126 -795 194 -292 5 1789 243 -226 1051 290 -142 -581 292 2769 -671 259 1771 -1489 1518 -741 513 1457 568 -1061 706 1181 61 -1296 872 435 205 -94 891 327 -316 530 -1369 -655 378 -544 799 -370 169 -421 -25 341 -56 -1 0 0]
[-217 -1539 -1126 -1630 1466 -515 -345 -1069 3089 -518 1465 1076 155 1594 -17 -1956 -465 -1174 22 330 -891 2075 -517 -151 -1950 407 655 -518 -157 1433 -1429 614 865 -200 -163 -879 -1670 709 -1507 1590 -48 483 -425 1234 -1045 385 -159 596 1447 -1498 -202 703 -322 -2244 -1158 -735 -381 1175 -413 460 -1263 -444 342 -614 605 87 -481 -827 -341 844 -1008 153 -14 -328 366 -1565 686 433 785 286 -475 800 846 605 -132 -697 384 -236 318 353 -376 59 1 0 0]
[-322 -942 -1098 759 1246 -623 -330 -1288 999 134 -1724 -1088 -1156 438 -147 -70 -358 451 -126 170 -725 -647 971 819 204 -376 -1106 1300 -1118 1075 262 54 -688 -418 511 967 187 -297 1312 829 160 -920 -1883 783 -725 -10 583 -834 -1292 7 245 488 -732 1557 731 67 -881 -249 432 -1104 -146 -91 -1954 681 1068 218 -207 220 341 223 997 -369 289 943 -310 -448 169 657 705 1230 752 228 -3 -162 -414 -67 -1302 101 546 493 -350 26 7 0 0]
[-280 1074 -44 104 263 384 888 1457 -124 -5 -2175 -1195 -258 292 6 308 1718 -211 -723 -597 745 -1570 -659 -1055 937 -1166 -1354 -867 1378 64 632 -155 849 -1315 -62 -462 -124 219 -1249 -730 531 940 1266 -1449 839 1360 -808 157 -1344 -176 1176 -278 1261 659 -359 358 -133 -716 121 -1457 766 147 -388 686 -1159 -165 -633 814 -33 659 194 1304 442 1035 -415 1427 -162 -551 -232 411 1130 1028 -304 359 309 -409 380 888 -94 -281 -220 55 59 -1 0]
[870 966 456 -1133 288 195 -576 455 -1249 938 -429 -433 1133 -119 -420 984 105 -475 1685 -1655 -593 -1376 -906 -257 1047 -1436 1969 2059 567 687 -495 -347 1564 1085 -249 537 209 514 -462 1004 -1077 -1933 -367 339 -60 -362 558 -509 422 980 -889 299 -208 1069 -527 -107 -820 548 -149 112 69 -1189 -122 -392 -986 -1097 -66 110 -741 366 -179 -1126 1379 1373 -1220 1460 -37 -505 374 941 -139 -68 -57 -1413 1160 179 -190 596 -752 -386 455 8 58 -1 0]
[798 -1340 -211 626 860 1377 1059 -90 1635 -19 1055 260 134 2265 29 916 11 -307 2128 -724 -28 -921 -706 403 1368 162 1160 906 1492 591 -807 1315 827 262 -1194 -171 -803 1182 -2821 -667 -942 -1336 -809 1066 -634 445 463 871 -304 -467 -1079 543 -478 867 817 255 95 340 -2011 -845 703 1258 1125 -1025 608 378 -71 -1194 41 1978 -703 -645 495 -979 2258 -163 -258 671 -1024 404 -658 -98 -876 533 661 -603 -72 329 452 546 -116 -29 6 0 0]
[-578 1650 1349 778 -180 502 1283 1366 2 -961 -739 124 -298 158 -694 429 867 761 712 -1864 -230 148 -833 -1267 1237 69 -775 1607 1439 926 954 -919 1225 656 162 237 -391 935 -26 -1266 45 -409 491 -483 1754 38 -505 -209 -1675 167 453 202 622 830 578 -685 -748 -54 -414 -940 891 1724 -330 499 -789 -1314 -1608 63 -985 1768 -1081 603 1192 1154 691 373 -479 383 356 2653 619 977 -767 -157 -673 -378 -412 -191 1010 40 -99 95 9 0 0]
[1235 1712 -165 42 -837 742 -467 1030 -491 258 -807 869 893 310 1085 279 606 -582 118 -141 -104 1092 -693 -641 964 -1670 -933 -1452 247 -1181 970 123 905 658 96 798 768 -630 -1108 478 334 -740 793 -769 1270 797 -46 -812 -674 1563 -460 147 758 458 473 823 -173 -99 1718 -406 -319 623 1179 839 -71 -364 991 745 895 2020 1461 328 1344 295 150 884 -120 -437 556 -774 1616 -1523 -118 503 139 -263 1119 -106 -41 -692 54 -71 70 20 0]
[-355 -884 -836 -1273 -697 -155 529 1464 2782 1097 66 -23 1526 822 -125 -2416 -699 -720 588 507 -1643 1295 -1201 -398 392 511 -562 -1166 -205 -454 -881 1170 -1912 -310 817 77 1321 -688 49 -1475 1795 862 -355 -56 -1160 -235 204 -507 -53 210 -400 -2662 692 -578 -247 -2127 -259 144 -1099 1181 120 376 150 1333 -38 -39 -1235 -101 484 -875 -355 -484 544 -2215 -1956 -926 312 754 104 53 55 -572 -450 437 -853 180 -261 -154 252 -15 -80 30 -7 0 0]
[-1295 351 -1650 70 979 -157 137 -888 -666 -110 545 -187 -1433 142 -418 599 226 199 1343 -612 374 -872 886 908 66 -807 454 551 -453 786 -522 -1523 598 -179 -591 -1160 5 -91 611 1227 -1233 -1296 -507 1814 133 -332 421 37 -357 -560 1509 1551 -1625 275 -566 -1204 -390 -28 -809 -602 661 -1995 -96 -447 -40 1371 132 -228 -154 171 -378 -591 -794 1766 -1174 -122 -345 1055 1069 934 -1117 -204 320 -34 94 19 -162 445 -156 116 323 78 58 -1 0]
[1121 77 768 -723 -1077 903 -3 124 -567 -466 -174 1381 628 -159 738 380 -308 248 -471 427 -485 -352 -37 -657 477 1085 -189 811 252 -594 692 -1 454 585 -1 442 -504 -1251 1145 -493 -673 -459 189 1226 -1339 -221 -411 -848 -1118 544 -606 -252 1786 -1012 975 -306 361 748 823 -658 -63 157 -418 -1300 1256 -361 705 -644 -574 -969 -361 271 -274 1478 -1009 399 -805 -319 302 -1280 143 -349 47 -640 499 -32 316 386 -178 314 -15 -71 56 -1 0]
[907 -507 -620 -198 -948 708 -603 1051 1472 -245 1278 -399 -506 153 -230 366 -892 -125 2254 109 120 -434 -548 1294 1346 -491 289 -711 -316 264 -1020 1577 -336 -22 -866 231 975 157 236 2238 230 -1144 -1483 471 -696 -292 -441 530 93 -1050 -798 -574 -806 -419 -389 -1311 227 -1608 -394 -450 536 -363 794 501 -137 929 273 158 1458 958 190 -731 125 -980 658 -522 423 740 -238 -974 -842 -901 -726 178 -318 619 193 -105 -670 16 144 -55 -72 1 0]
[15 -1 1071 -1262 -114 -231 -1043 883 406 -585 97 325 24 -744 847 -74 -425 -828 224 -96 -2694 3372 -887 -658 -886 -825 -57 237 -26 -95 383 -1630 787 17 -450 250 1701 -1833 -627 522 751 62 647 -394 -79 16 -571 -2024 1858 359 -77 -878 664 -1208 512 1075 165 909 314 564 -724 2073 1378 677 -199 203 -1291 -15 -1418 -464 -632 762 357 -1603 520 -944 1123 693 1085 731 1369 -1742 234 -1251 -510 238 -236 -70 -632 -920 402 -97 67 20 0]
[92 -872 -31 25 459 337 537 -106 -1252 804 -719 -2479 687 -856 -592 -617 -420 812 -2094 775 1616 -1646 1171 -370 -544 836 -492 -626 526 -499 -289 2103 -2269 -861 -356 1179 -592 692 972 -828 1508 52 -290 -1187 -1853 1481 -676 1788 1066 1871 -59 -742 -1059 2250 -714 1490 994 -1547 332 1480 675 -361 1113 -537 2271 320 683 427 -944 -955 833 -369 -136 -2261 1179 -698 -56 -828 -1111 -1575 -344 -1556 -77 1051 -97 651 -492 -715 -518 -487 228 58 13 21 0]
[-562 1261 889 -196 -1143 709 693 713 933 134 -369 -1108 1280 -337 -377 -271 103 -85 -76 -852 -1090 141 -375 -1276 1324 -287 571 950 2522 981 149 -221 314 1350 -1338 -955 -638 457 -434 -2405 586 -1374 903 -1220 -46 1310 -1237 21 -991 379 -113 385 2191 351 1453 -119 -658 555 740 843 -315 817 -251 -505 -1899 -937 -1141 809 -1116 1920 -102 508 1863 1361 -608 -698 -675 1265 -139 616 1766 -396 -322 246 -138 -206 -863 -267 413 279 57 -199 42 -22 0]
[-465 -356 195 -373 -1443 522 -568 -1671 361 -316 270 316 1616 343 -793 -445 -1650 1922 160 1223 -336 -93 -133 921 -470 -1026 -286 -94 -1643 384 -1386 614 -1150 397 674 805 1287 -1476 996 -831 -175 -441 -1742 648 -2313 134 715 180 555 298 91 -420 -841 -263 -69 245 484 -513 -988 136 -349 -100 -487 -920 461 128 -1826 1389 1147 -1207 657 -346 344 -425 -2295 642 -120 1406 1036 1066 -214 -805 637 -1021 -748 476 525 -475 89 562 -578 -4 -1 0 0]
[-61 1138 -1458 -2173 1381 1173 188 1269 2289 1931 55 49 -679 1971 541 -1749 -41 -1217 550 299 -152 241 659 -697 -477 -378 141 72 217 -697 -154 963 -752 -1099 -358 489 719 -1040 -715 2133 398 -1189 -568 1722 4 980 505 -357 291 -177 430 -1382 -2105 1074 -1091 -489 -1951 667 1541 1163 -239 -1016 957 1574 1072 315 -872 -239 1493 436 1236 -933 -66 -1926 58 -1204 2080 -44 -280 795 -1123 -473 -1044 1191 315 498 92 147 -486 -54 -327 54 19 0 0]
[-131 578 2266 1218 -973 79 913 1097 -97 -1062 1098 805 -645 -345 -187 -983 -417 -1087 443 -426 -1207 594 -578 129 -586 1048 -19 -52 -887 -349 -86 -303 -620 -67 -27 -493 1087 214 495 -47 873 46 468 599 867 -518 250 -1286 473 1185 -1363 -710 -44 205 -397 -1812 608 -1075 -2181 708 58 944 249 -711 -841 -977 -423 423 -892 -956 -1653 1014 147 -508 131 -2007 -35 -578 178 467 413 -1314 360 630 -1104 1123 296 217 -548 -94 357 -27 62 10 0]
[-1311 -690 -713 1463 -194 -914 361 -1271 -512 -465 -129 -247 -643 36 -627 195 717 -465 -1694 596 1459 -897 1552 1769 -160 954 361 -332 -178 -668 997 -234 -1447 286 103 226 -157 1820 270 915 109 1609 -335 -282 407 -1097 738 750 1569 212 315 898 -1063 870 51 -659 1435 -548 -2400 278 101 -432 257 -164 502 304 248 -1541 -60 -1209 -1013 -261 -670 -911 1693 -976 -431 740 -842 -706 -1971 804 -72 1062 405 -774 368 -711 -433 -433 379 -362 -114 12 0]
[-1287 1203 -269 198 -390 808 872 -255 -45 -849 14 688 -1007 -565 529 92 -138 -131 -2054 1203 867 -38 1068 -223 -546 431 -1373 -1942 223 -534 381 -565 247 -855 -818 -1610 401 235 17 -207 701 612 877 -354 1379 774 41 -573 -1122 -1247 1673 1045 281 2 243 -625 -407 -594 197 -1531 339 82 -406 406 474 1030 79 -426 148 324 -476 2190 -623 229 1137 -1203 -870 -184 -370 -1420 5 318 -71 1733 -287 -320 -261 -140 13 11 -246 253 -12 -21 0]
[-662 -1080 -1036 -196 2430 -2343 -2393 61 707 1783 -711 -1634 -645 -57 407 230 320 -1735 285 -62 -517 781 -642 258 345 -460 1162 630 -769 -109 739 -43 -216 -164 80 -37 -1970 59 41 145 1134 -1023 249 -485 497 -86 -748 -575 -408 -949 228 -282 -707 322 -294 696 -887 306 949 1157 92 -356 29 1062 -1585 -49 -910 341 -138 1440 684 -706 -879 -551 -1200 222 1303 65 119 9 514 993 -25 366 -375 -272 -2024 194 -2 247 28 -65 -60 -12 0]
[-810 348 1892 1291 -49 15 1277 551 -770 -1020 628 15 -981 -971 7 707 -252 -219 -1047 -224 354 986 1359 -225 -259 492 726 -1037 493 -517 -310 -1149 -386 -1083 -1418 -1457 -405 82 662 -234 131 -146 2326 -468 1425 -349 -1108 -282 -405 -1161 190 1395 -129 -1066 401 -1916 -752 -776 685 -880 548 800 -130 -900 450 -123 947 200 -1293 127 -455 2556 -6 1213 0 -873 -630 63 463 -549 743 55 -687 801 -546 354 -274 -174 -352 -288 432 -74 54 -1 0]
[-1753 -333 -812 -165 1137 -1253 -539 -1364 670 371 479 417 -785 40 -605 595 -349 988 -169 156 -234 304 1242 308 -266 1632 415 778 -183 -287 -181 -347 -1557 21 214 779 -1620 507 2202 -1304 -1111 48 -1300 1174 -85 -965 264 237 -361 -1222 1452 -4 -605 427 -151 -863 -2036 825 2385 61 -24 455 -1441 2004 -255 873 -463 -979 971 261 763 -21 -1754 552 155 771 -89 680 383 -493 -1057 245 -1436 861 631 -643 -1542 -427 35 333 269 -26 64 18 0]
[1120 -837 -78 699 -411 -74 -302 429 -697 618 45 -1107 81 -980 803 286 878 -1302 -277 -134 826 -1017 -410 579 491 -1572 933 -573 394 162 -791 -258 310 940 64 -1384 1082 214 236 1440 444 -22 620 -1087 -728 130 469 325 -736 -630 -1411 -485 312 -134 -230 960 1720 -617 -1267 -368 -260 -1598 210 -587 -216 674 -17 -404 1157 -643 -212 -427 498 -318 734 17 -320 -1461 -1786 -1565 -267 1186 356 -341 97 187 249 505 -245 30 188 198 -139 -19 0]
[-745 376 -102 983 307 -1396 -161 93 -466 597 853 1290 114 -76 -98 760 -207 314 1056 -52 -1189 1625 -971 370 -690 285 460 -178 -1027 446 31 -1285 2130 307 -905 -637 -391 -790 -1128 -491 126 385 289 -683 946 -807 1281 -321 -967 -656 3 672 -1465 -527 1630 1893 -211 952 716 675 -535 652 162 -419 -415 605 -712 804 -890 1342 268 -1569 -726 -77 -625 898 86 -650 -416 1691 650 647 112 137 28 -140 -1427 113 235 373 -248 29 -119 0 0]
[-1081 -1011 151 175 751 -794 -445 -645 171 -362 1283 538 -782 -919 -30 562 -908 237 -1194 930 -1039 1252 328 246 -711 1442 1299 -403 38 60 1599 -224 351 628 -1086 -1190 -1729 -36 1111 -1115 1635 -443 697 -297 -366 -293 -591 178 -697 -530 -781 168 140 -1262 717 171 277 608 1231 1053 58 351 -1325 -382 -736 -464 -531 5 -1402 -105 -795 795 -486 533 -230 -1637 -708 336 -676 -1313 -29 1328 -449 66 -333 -594 -1121 -112 505 1037 -167 114 80 -85 0]
[580 -46 -1083 -1784 -115 2005 -578 899 -487 -45 -478 -273 1536 -190 -133 197 -1518 800 -276 1480 194 188 -875 -1070 -161 -1732 -565 -1762 -728 -582 -48 169 656 827 -538 -91 2989 -1221 -1417 996 1360 -1025 193 489 -1515 -193 676 177 82 623 -815 -1738 190 112 -810 439 1688 158 -969 239 535 -123 1702 -540 1873 885 -892 259 368 -993 -463 -185 835 -527 -1137 -484 -50 -69 -586 -1094 -987 -605 1079 -1549 -560 57 1551 242 195 316 151 -246 135 18 0]
[1660 -629 1232 -1340 -72 1311 -159 -54 -1687 -987 -673 352 923 111 1498 -972 237 -108 265 434 200 315 794 -616 -50 1979 -2803 497 -748 332 -370 448 581 -1821 883 1066 -777 -1533 191 234 -1255 -383 240 1507 -1110 250 -1377 -309 563 176 1530 1102 41 -1185 474 -169 299 135 420 -854 -124 -922 -399 -641 787 1233 515 -401 627 -250 982 912 -447 1874 -1127 718 441 -877 460 1385 993 -342 1704 -259 261 -327 783 216 -725 53 -69 17 -13 -1 0]
[-1070 1369 797 -174 -557 239 -57 878 671 -97 -586 -93 1175 1121 -2285 205 -2010 969 1159 -33 -992 -559 -27 78 740 1126 -123 -1364 -141 -281 -620 1210 -832 -514 -586 91 84 -165 -539 40 116 -525 -515 -344 127 -496 1138 -1198 -471 -963 450 192 -1042 640 -648 -3341 -1628 -13 -341 -921 642 1215 -1059 558 -309 -919 -357 856 -400 1295 53 -541 486 758 -1743 584 -380 -473 848 1018 211 238 -127 1065 -470 457 -1457 -365 -777 507 -219 113 -96 -9 0]
[1088 642 2058 170 267 77 -540 -29 32 -362 1798 1160 1424 985 741 -1295 -1153 -1022 570 -14 -1266 8 459 -94 -338 1964 2008 736 487 -35 -725 -11 -810 536 746 -553 251 373 92 -94 -196 -1764 737 1279 -212 902 880 -1439 168 -184 -1650 -643 -474 149 177 160 -1123 -52 887 657 -468 -1144 -85 -936 -869 -461 -44 1228 2085 -952 -289 1410 42 861 -570 -740 -215 -1777 -478 -82 442 170 922 15 -98 961 -385 144 192 -76 86 6 -22 -25 0]
[-830 74 -1481 -968 -231 -743 -235 422 -494 99 -335 -524 634 710 -2141 -1126 -879 203 -188 743 -1257 90 1245 615 -11 67 -729 -715 72 798 439 -127 -312 365 -100 -547 940 -850 573 1274 545 828 -64 -414 -859 442 744 -406 -235 867 884 454 -1066 701 451 -313 950 287 989 241 -554 -1956 -1893 601 -390 923 1702 195 -186 -1899 566 -1290 -292 522 -1855 -1451 -979 704 668 252 549 -667 1793 -1932 -257 357 -5 344 -553 -438 332 99 215 -2 21]
[395 738 488 -1074 -208 1683 24 1123 384 -6 1507 -810 -445 1821 -485 -955 -609 448 1347 -592 296 -913 1002 295 318 538 932 191 1016 -395 267 418 -911 -109 -1737 -1567 1245 -880 700 1285 152 -1113 568 1116 350 1136 886 -324 548 -1638 1115 16 -1716 367 -35 -1614 -890 -369 461 505 632 -1003 886 79 775 180 222 -339 807 -299 -627 -117 130 -1140 -11 -1241 1096 273 588 700 -1071 -582 -136 626 150 1405 -223 -78 -353 -502 238 119 -158 -37 0]
[-420 -624 -2102 -2024 1526 -432 -7 -945 647 -316 -402 -57 329 412 -703 81 -1553 830 -394 -48 -98 88 -126 125 152 889 454 -731 59 605 153 1671 1207 -1082 -436 -67 -501 231 -390 -756 1443 -136 -768 1155 -113 543 1230 -1030 683 105 728 738 -231 254 154 -685 -421 923 -516 -95 469 -488 -961 521 339 -260 758 28 -1941 244 -731 -108 492 -928 -649 -452 -305 -351 1249 -102 109 13 -663 595 49 -400 -516 24 219 -303 -36 208 118 49 0]
[346 289 1709 459 -17 1255 1141 909 1074 -62 515 1005 383 1419 549 -920 1042 -1457 -446 -384 1179 558 -42 -274 -141 -802 -239 1272 -286 -484 -681 722 -828 -501 253 753 319 -166 -640 201 -725 681 -202 215 125 737 -419 965 322 888 -236 121 1185 289 457 -700 76 -184 -608 452 -1187 1792 1837 -1761 -202 1038 923 -771 1264 607 599 1021 -31 -511 1697 -1270 725 837 -620 154 7 -1595 -44 915 -560 409 1690 355 377 527 -249 31 -246 -44 0]
[-408 996 980 370 -423 1914 1237 -524 -211 -1271 1022 2216 -715 1209 -1849 224 -735 273 -147 -1272 382 -330 334 984 689 535 -1005 741 -56 -409 784 843 1629 1322 125 -648 -411 -457 591 -540 -1002 890 2693 -417 1166 -128 1761 1473 -1137 -664 -366 -539 -121 905 2178 -533 1022 64 -562 -552 -1125 875 -263 -636 -317 -737 240 479 63 -557 -1085 443 1272 1123 -311 157 -1571 658 -645 895 -848 1354 199 -221 -869 1075 1258 879 73 932 -170 -9 118 -133 20]
[-168 -370 -1213 -832 755 376 297 540 664 -76 -767 -550 710 1668 -1435 -753 -395 -955 -1876 1180 1047 -155 -426 -405 -449 1366 -2006 -1834 -615 185 -439 3102 -110 -1858 246 8 -1552 -708 -1743 -220 1131 1498 -478 -97 -121 1486 328 116 355 1021 439 -52 947 871 -490 -889 1541 -324 -720 -222 -595 362 -1093 103 -739 1013 1568 -482 1153 758 897 681 -829 -1114 347 -1117 -192 -737 -920 -1005 270 -781 974 712 -975 111 1168 981 -720 887 -328 257 136 28 13]
[-61 -332 1881 1666 -571 -741 333 -190 -226 -976 743 312 -519 -1733 106 -731 809 -2001 231 186 -811 691 668 951 -126 1552 697 815 -487 384 469 -1323 -851 505 915 -1 -467 887 566 -125 -17 -1240 670 -342 368 -293 -1937 -27 384 553 -1464 11 -263 -1285 520 25 427 -658 902 450 -726 -750 95 -219 -1799 -752 -263 832 -1279 -148 -902 1051 -1014 927 -86 -1259 -130 720 -90 -716 1237 -723 298 -442 -459 184 -400 -835 109 -466 551 119 -242 -105 7]
[548 -300 -137 1121 -194 -368 -115 -590 1125 -312 1218 -401 277 107 264 -235 -879 771 1136 -537 -593 -402 -58 626 699 -108 959 -493 172 -103 -318 927 -511 542 -33 37 1238 811 524 -361 546 -156 27 57 478 -1065 248 -339 -118 -1365 -1071 388 299 247 -483 -1157 -721 -515 -1597 -115 1107 569 -1018 403 -369 -1144 -371 802 31 -304 -1006 42 1808 -452 238 41 -574 -237 -388 -9 -704 975 -605 333 -1143 677 73 -463 511 -25 -503 -147 101 6 -1]
[48 -731 417 171 911 -163 486 323 1320 349 -670 81 -1715 -1087 1599 -141 1534 -724 -1021 910 -1099 154 129 -585 -248 -1185 -1081 -363 -400 149 1110 -380 1504 -557 -1409 -236 -503 141 118 699 556 -837 -254 658 166 102 -1347 291 -1994 -163 -1186 1125 -149 -385 105 1351 -738 557 2307 -344 -719 -401 -2031 463 -645 1058 -333 -27 -567 1650 850 605 -452 1774 1053 -1161 724 -897 -1342 -1300 1903 129 -323 560 649 -721 468 796 -168 623 -117 -14 -67 -12 0]
[-166 -1219 541 1002 1140 -41 -587 398 -777 -315 -1079 -2481 -296 752 -146 1256 -544 716 988 78 200 28 -357 70 -76 54 -286 84 -1218 941 -982 440 -26 -837 -827 756 633 -97 -1237 1226 907 -1147 -2233 116 -196 958 -311 -312 -71 -711 712 1441 52 420 331 665 196 122 -466 -1238 639 545 327 -681 -979 1028 194 172 -725 2226 676 66 -105 -427 914 -1524 711 -234 1506 1024 1143 -839 706 -1059 -242 564 -148 347 896 213 -441 -9 -42 28 -13]
[-896 1577 1012 492 -2799 1130 1620 856 518 -1636 -144 1036 -745 -357 -163 452 1389 433 -1676 865 -17 952 895 -1413 53 -25 -1457 -710 1745 218 -95 -1763 1408 17 -2073 22 49 -662 -774 1631 -488 639 464 -360 583 -225 -2147 140 -215 -160 261 1481 628 -1355 688 -605 80 -148 744 -1355 -111 1780 -42 -870 911 116 106 -343 -815 1033 -321 1162 51 1316 1630 -1626 -292 1682 988 48 626 -557 -246 348 526 -535 1383 -708 -581 -98 52 -243 -66 87 -1]
[-801 514 1563 1763 -989 -309 1143 -225 -524 -922 -294 499 -1578 -374 442 -565 1230 -552 -669 -111 81 -1245 1490 -486 -494 155 243 551 1634 259 637 -2500 -398 1059 171 -625 194 1469 307 45 -491 167 1207 -480 60 399 -637 130 -1204 -463 -83 520 -285 -1237 -28 88 241 445 771 222 -412 -531 34 -1567 -676 -235 103 -536 -312 -1266 -671 652 -1534 1854 1272 -344 -948 -689 -4 -771 -356 506 344 829 1167 -680 -349 -541 -115 -353 -119 -6 76 -89 20]
[2064 425 -1739 -2419 405 1224 -1246 -878 -35 854 529 1145 396 85 16 -370 -1027 199 -346 864 1182 -1001 359 779 -128 -841 -145 -1336 -223 -1802 200 2122 -228 33 1448 143 541 -1005 658 1337 -871 16 758 688 -539 89 1171 623 711 -392 -685 -1143 -962 232 -817 344 -532 50 1926 -103 -451 -2165 147 1262 1876 -1242 1328 341 1867 -1333 1066 -584 -204 -972 -1112 1649 231 -1374 -415 -2188 -1252 266 -18 172 496 428 1420 78 62 -176 -81 16 -153 -85 7]
[644 -2 2541 1642 -1416 1261 644 128 -51 -539 1446 985 639 1539 441 -1555 -790 -628 483 -86 482 -1832 95 917 -39 2180 274 -1015 -569 -1304 2 1393 -1607 -913 -392 -693 520 920 -488 -943 193 1498 1595 -748 372 259 193 657 641 -1031 -617 321 -69 -327 112 -937 -7 -1529 -1425 1067 -294 -377 1556 -1542 -127 -402 751 869 -263 -1363 -790 897 68 -630 -543 -449 -338 -99 -637 -1271 -363 -343 961 1695 434 747 606 -183 -928 -303 -437 -401 -28 89 -8]
[1132 897 3234 658 -1538 1226 558 465 -2259 19 1929 1979 1668 25 2305 -680 331 -1696 848 -707 -98 1602 -156 -906 190 1234 1043 1164 -321 -327 25 -1324 -241 1035 49 460 25 466 227 -1224 -560 -794 1491 861 671 -406 -632 -95 -284 1979 -1399 -186 1184 -1096 533 352 334 -370 -1511 1176 -246 -491 1329 -2172 -1107 -170 -730 -280 939 -989 -1207 836 942 413 -24 -472 -844 -1264 -1200 450 -357 -118 451 -115 713 99 980 217 -338 -345 -340 -189 -38 95 20]
[213 1719 1180 -935 63 210 138 310 -2161 -1245 -372 1181 -825 -517 -24 720 389 -342 -468 -697 1504 -317 1204 -922 3 1866 -372 1080 782 -30 -30 -671 -142 -735 1078 1634 -740 1258 513 627 -1661 854 -648 320 1007 -78 -830 -328 1342 936 1194 471 971 -167 -608 -911 -1195 -349 951 -462 -525 -596 809 132 525 116 1207 -878 176 -252 -217 1069 -2064 1055 574 481 -6 -1231 1303 -196 -25 -11 198 241 1263 -71 499 61 -73 -1228 593 -13 -41 -56 7]
[-741 -1031 -1124 -461 758 -687 -1118 164 307 -528 -539 -1247 -736 -547 -998 1093 745 838 -379 287 940 -301 -416 693 83 -50 -1654 11 -1136 -496 796 1452 -267 -411 35 1239 -2196 -1111 896 843 947 -1025 -2386 52 -409 532 -1253 716 354 -165 682 -335 -268 442 -1044 -994 1203 -640 710 -1142 858 612 -1140 1338 46 -280 -191 -333 -653 2619 1018 -182 -1205 -305 81 -167 1469 227 1670 -443 986 -432 -1455 419 -751 436 -108 -26 115 53 284 57 -252 -108 -1]
[1616 -595 1835 671 -1103 31 936 -50 -127 284 672 385 57 -324 1834 -1150 779 -1244 1512 152 -1153 1204 -693 68 -865 578 -1124 205 -1815 116 -441 -877 -408 -906 386 -1001 637 -1461 137 -695 -1139 -834 -651 1407 560 -646 -1155 -572 -458 431 -623 266 1301 -1754 17 29 -450 -193 -203 -518 -785 -169 -767 32 -784 617 350 48 1621 492 425 1087 -452 358 -646 -674 624 452 285 775 1547 -1656 1023 -649 -521 362 708 333 228 8 -21 -76 111 -70 28]
[500 -1567 1525 -1132 732 -267 -885 -678 -759 -556 808 -153 795 -653 452 1276 -254 -431 493 -943 -278 880 -862 323 374 448 1889 1304 301 836 -1130 396 592 59 -309 1236 -525 1072 -86 -2079 -492 -408 -1512 937 -1485 -140 -657 -469 2150 -43 -592 -171 699 -1178 40 161 422 421 -2172 541 -4 -56 -2 -486 -1099 798 -1647 -1436 -1140 207 -1354 422 -707 -89 1141 1094 -481 -2228 -600 574 -207 616 -645 -609 1215 -642 -653 677 -519 -565 153 135 -31 13 2]
[13 2 -1163 -365 -720 -187 897 -580 330 1882 1350 -437 276 267 1199 -1269 943 -1108 -135 27 842 -1821 -145 519 1211 -286 1701 -243 488 -599 147 906 -291 269 -502 -871 -2670 1413 755 -2397 -343 -761 -454 304 455 214 -1303 1689 74 2114 -34 342 493 1118 -928 -972 -931 -724 -1520 1237 686 -1880 -649 -7 -602 -789 759 -522 771 421 310 -631 1414 -52 -487 0 -1241 1185 -761 -911 -1104 533 -960 2467 918 -301 276 116 -526 -520 -96 30 237 -75 -39]
[-1009 333 59 -1015 1203 -781 178 -262 214 -1534 -706 -791 96 1480 -680 -46 -694 784 -1297 -931 406 -337 -1022 -353 -111 -1400 760 -1180 915 708 -260 504 86 -452 -177 -784 423 1565 388 -1038 1217 1442 285 450 -391 785 351 -1092 842 120 1036 1391 1324 -387 -1367 -2029 -295 -108 -2309 -66 224 -129 -933 -553 -798 -564 -560 -313 -1329 -558 -1498 2558 616 903 -308 181 -1266 -202 1465 23 -305 380 220 940 -273 -465 968 486 235 -601 -11 -419 179 73 34]
[1469 -1910 1252 721 -691 -109 268 389 614 124 -953 -330 809 -931 1936 944 328 391 222 529 164 180 -1122 -528 491 -1656 -427 -433 -268 -433 605 49 -160 248 105 578 992 -133 146 -2220 451 -657 -454 -245 -838 -828 -343 -163 -1585 330 -1512 -1094 1143 -1254 101 1360 953 -245 -1059 -464 287 1178 -493 123 683 93 -1079 441 166 142 335 467 331 -394 745 1256 505 -1019 -1234 -25 1212 745 -532 -533 -247 -576 -38 237 339 -145 -219 -305 171 53 11]
[-360 -55 899 760 328 -160 -1112 -207 -108 -603 200 -320 -1559 -2 523 1203 -652 -969 1699 -140 -440 556 -225 605 -507 44 1112 155 -990 726 -1790 -1201 951 -74 -713 -770 309 266 -788 2256 -336 -1986 -1452 732 460 -285 -1185 -1347 782 -2415 170 1484 -582 -1652 -371 -726 -253 -313 -691 -1265 -67 -479 692 -562 -818 -209 -741 220 -376 2256 -509 992 -580 1117 118 -1231 347 508 2331 601 713 -137 611 -376 36 -563 -542 -416 -124 -277 292 -349 476 -25 43]
[149 1050 574 912 -147 1123 -67 461 -800 -515 -157 -52 289 455 120 2297 -435 516 -1031 879 2216 -1262 750 582 1208 -241 155 -689 422 -1731 538 893 -1261 -771 -591 777 1709 -603 119 -262 148 -263 260 65 424 -208 1192 -618 -447 398 -77 -756 371 1678 862 142 0 -1599 -483 -1475 995 978 770 -606 728 892 885 907 2026 -1124 731 1303 -14 39 999 880 -466 -654 -982 -1119 -561 -292 -599 -32 166 1128 979 905 149 488 -97 -238 -404 141 0]
[505 -51 211 -422 634 320 -254 -176 704 824 1327 99 549 1465 577 435 -592 -736 1524 262 -483 727 112 -578 -153 548 1884 -899 916 -663 -1640 -122 -1174 -729 -470 7 478 161 -2058 -1088 -716 -471 -369 888 -478 -188 -190 -376 1408 7 -704 -101 835 -881 -703 -228 -1766 697 120 995 -145 614 1098 171 -1155 711 964 196 1189 -21 144 231 -940 -611 924 232 382 -65 -398 -993 -554 -894 134 537 889 -246 -58 -39 83 -74 -75 -113 55 -60 19]
[-862 -12 -1436 -1184 338 -566 96 -767 3065 397 1488 782 169 631 -217 -1821 -873 318 -1372 1133 -2053 1687 271 -614 -1219 2030 396 -1385 413 8 -572 1144 -651 -107 -390 -1545 -1564 -759 336 -565 764 386 611 1216 341 -151 549 -304 719 -340 -435 -1019 25 -541 -1019 -1665 -1377 471 812 286 -77 1243 -1301 792 1000 -1056 -745 -325 620 -523 -1040 937 517 -1047 -483 -1210 216 992 -196 -1188 -801 83 -850 1663 -1240 472 -396 -400 452 693 124 235 -140 27 52]
[314 -565 -369 98 744 -1073 -226 634 197 2210 834 -951 1661 897 1790 -430 544 -1981 1323 -435 -1736 732 -505 -248 -175 438 2694 -339 1374 -134 -715 -700 -610 -144 -985 -973 -969 29 -1564 -376 -106 -965 86 166 -475 245 -276 -561 732 747 -709 -198 -50 -684 -873 -658 -897 527 -369 1472 752 -1633 34 -445 -904 -156 -493 -540 469 804 216 -947 265 -341 -1146 127 306 -538 44 341 -171 60 -49 514 1236 -36 -1325 342 -380 -59 -55 -174 107 -45 -25]
[745 -360 -8 -1210 721 947 116 -379 468 -508 -490 -642 -100 1533 800 -710 -1184 -653 -1063 179 278 316 -68 398 -866 1433 128 -404 239 79 309 1582 -1049 -1420 -337 -347 489 -572 530 -490 1282 49 291 753 -881 1282 489 -1690 1262 347 -138 1 1641 -1621 291 -953 243 -305 208 282 -217 -1121 703 -887 827 -509 527 665 -510 -752 -340 1814 -503 -22 -923 -500 470 -410 1596 -405 311 -661 928 -71 206 463 217 593 70 30 18 180 83 6 12]
[-1811 832 -337 365 382 370 -612 -918 508 -634 80 -949 -788 -1561 245 502 -1590 -255 -984 -159 -1058 355 1513 -127 -156 -55 1902 538 1507 1656 -4 -1060 247 350 -2259 -599 2165 593 297 934 1630 -805 1213 -1169 -114 577 700 -1281 496 -1288 -732 357 -953 59 1047 801 61 -205 360 1683 -62 -1755 74 -949 -478 105 -2213 2009 -2141 -745 -1293 237 757 302 -965 -2301 338 340 -302 265 267 982 -45 -727 336 957 -1142 154 146 332 -78 -98 122 56 34]
[482 626 -1478 -953 -573 1184 689 626 1828 495 -1167 -63 -885 498 160 -1115 1048 -677 -1317 170 748 -1212 327 -454 441 -2022 -1929 -985 1282 -1096 677 792 116 -499 -55 -385 331 -715 -338 716 261 1220 990 -729 14 1445 -432 1050 -488 -226 921 -658 951 670 130 1044 313 -441 815 -418 -637 643 934 889 753 321 1233 16 928 21 718 -286 147 -1302 1220 -61 720 1482 -996 -1164 68 -797 -142 1341 -562 -5 865 255 -256 -290 -103 201 112 -22 -94]
[-111 1169 -1075 -384 -2294 1353 1663 110 846 455 -841 1591 435 -1125 217 -1600 1302 227 -2006 485 181 -1412 1087 -670 -26 -1404 -1903 234 776 115 1039 -605 444 1018 278 280 763 -276 568 515 -403 552 1239 -556 223 760 1513 1770 -1548 2469 -642 -1603 -840 1963 742 1167 370 -171 1190 260 -924 -634 11 492 2433 -103 -24 141 248 -1214 1013 -1505 1203 -441 52 347 137 787 -1499 -284 32 -430 -144 497 21 255 1008 -392 -403 -203 58 40 -65 -110 -107]
[568 -378 -746 -707 731 -263 -202 -347 2775 1146 258 -1580 195 338 570 -1127 -854 -475 -63 97 -583 472 -39 -300 -302 -99 1831 -1340 223 411 -1842 1377 -484 -1089 -947 -991 1236 84 -807 585 1742 -831 -906 973 426 -299 211 -1394 1996 -1717 -1042 -257 266 -161 -828 -1612 -1796 512 -1503 124 315 342 -135 508 625 -1724 -880 697 -423 641 -834 459 2321 -1882 766 -1663 799 -250 376 -390 83 41 -1079 1585 -200 373 -29 -756 309 30 -40 -180 0 -66 78]
[-1043 104 -467 -119 557 163 -75 -130 -1018 -585 -102 376 -1266 121 25 452 -1427 1512 -1229 518 1392 929 1087 -283 -37 233 -445 -560 108 -183 401 -108 -274 125 -274 -517 1021 454 1947 -380 686 1008 360 701 323 404 1044 219 -1392 -715 1058 -64 -18 351 962 -225 349 479 450 647 -67 -338 -308 18 618 2084 364 -694 721 -384 73 2 -781 267 719 -1235 -1094 -1180 366 -988 -585 1037 696 126 -72 -132 44 97 601 416 -55 -107 -73 -9 -38]
[-1377 1273 334 -386 -264 474 -850 -1350 225 -812 -245 781 -416 -1377 -1067 1261 -1141 677 -752 486 -2405 2296 565 678 -466 -725 -405 -1077 -1400 -15 483 -412 482 269 -1577 1014 139 -1585 492 181 702 -984 -1131 -240 580 -545 802 -736 1349 906 -651 -54 214 468 597 -403 -1189 -348 1375 -160 -1513 2150 -1089 955 -395 -231 -745 1516 -844 1738 505 340 796 409 -627 364 339 943 440 248 1648 -1294 -797 1098 -844 853 -902 -173 -676 -80 -112 -169 77 -150 -38]
[-1020 -800 -2192 -1471 1797 -1111 -805 270 -93 723 612 -577 -46 -256 501 -1046 689 426 -358 1218 465 1382 819 -589 -904 -157 -960 -1198 -1265 -396 -470 -116 424 -1198 -659 -152 -1044 -546 1278 671 203 -103 -417 1674 -118 -376 -979 875 -259 -666 2046 60 -1801 -33 -1182 -269 -287 261 -303 515 531 -1294 -1556 991 320 1593 -122 -245 558 392 470 -500 -163 184 -558 -976 568 -235 31 1371 -300 721 838 518 -941 183 358 69 -238 -255 77 47 184 241 -4]
[-1116 1178 -524 196 -426 738 -877 -713 -942 -1611 -431 1110 -754 -906 -910 704 -649 2115 -1770 760 966 -278 2130 -243 -44 565 -1764 60 457 -288 165 90 358 259 32 1942 1544 -636 1284 603 -394 774 -494 -42 324 987 1199 163 26 -871 1510 -97 -2169 1718 1206 1287 110 6 1706 -424 -349 399 -371 1105 2014 750 -178 347 -773 35 711 -687 -1177 -562 1370 274 4 -1354 115 100 652 47 -105 417 384 709 226 -963 291 -958 34 -109 -9 118 -91]
[693 27 -193 -735 -149 -136 -778 -552 -366 -42 -900 670 1370 -725 1068 -1204 -59 -276 141 829 -506 631 21 -260 -1076 843 -1135 999 -2269 106 -345 -525 -245 -1124 1707 1203 -138 -1300 461 799 -535 -436 -609 1841 -384 -719 -286 -622 431 493 761 -157 617 -734 -116 64 -110 572 255 -74 -559 -821 195 -257 614 161 -824 234 136 -940 713 -240 487 1328 -2504 396 866 33 643 891 511 -285 517 -709 61 -136 415 -51 -97 180 -75 14 -86 6 44]
[-424 158 166 535 626 -319 -336 -1046 1243 -638 1531 1857 -1081 -135 946 -211 157 -1262 -773 -754 -277 -1600 316 429 288 1202 669 112 294 -152 930 1038 921 43 -238 187 -2059 1655 8 -422 416 1446 1628 -797 942 632 925 991 4 -490 -422 -567 -64 1320 437 824 -263 -655 -863 428 -619 485 -21 -565 -980 -926 -981 550 -251 -921 -1647 614 1016 -1040 1002 130 -220 -722 -2283 -1135 -551 1826 -1469 3020 282 407 -178 631 -676 -51 -473 -371 120 -190 -90]
[-443 -2 -472 -515 -443 -1349 -522 56 -276 275 -191 -274 349 -390 320 -1767 746 418 -1039 80 1259 -300 -684 -193 -481 141 -238 -914 181 -1055 1425 284 -1845 640 2027 -168 -1468 465 2444 -1089 819 2019 982 -959 -820 -17 -715 1749 35 586 802 -1931 589 -713 -2085 66 947 -575 -759 1028 267 -1245 664 776 336 -1667 -1237 79 118 -2128 -386 -962 -31 -868 -1540 1242 -382 -364 445 -455 -1372 1966 100 658 -977 -413 262 -597 607 -861 -289 329 -2 151 -37]
[-216 386 341 497 211 111 749 517 519 687 -263 -742 -614 1244 410 -1592 1920 -995 -1255 624 468 -1049 1256 -574 -633 267 -1044 88 613 -404 752 -438 -514 -847 -1237 -828 -1057 194 -611 462 -261 -243 256 77 181 1678 -825 339 -803 -573 1253 399 -855 1081 -70 409 -799 -396 1166 -492 -294 -652 -333 -147 660 572 915 -560 759 1015 676 475 -320 926 1316 -1431 336 -937 -181 -259 294 -141 831 1592 542 134 -171 392 -286 -333 -111 44 -191 -77 -40]
[-856 1095 -647 -19 438 -1 1140 849 -275 1615 -791 -562 666 24 73 696 1639 -1604 -1021 66 813 11 1342 -1704 188 -1692 1865 239 3241 -40 -320 -1941 -117 622 -392 -1145 -1219 1063 -1218 -615 -823 -897 1695 -1747 14 409 -744 1147 -1263 1433 -45 865 -245 366 23 1848 -873 344 2064 738 -992 -2226 113 -90 -235 -868 753 343 -418 -33 1714 -541 -136 1069 -317 -156 57 1304 -142 601 1003 698 532 -1211 1035 -1097 -422 -178 409 -198 313 35 286 -89 4]
[-343 1139 -244 623 -270 -573 208 -182 -54 -683 742 938 673 509 -966 -815 -417 72 -589 551 1179 -2754 1581 308 8 2605 614 -67 564 -31 -571 951 -1852 -417 1050 95 -891 1529 -280 -480 -593 469 67 264 651 962 526 583 198 -245 1054 -478 -270 1858 -57 -488 -700 -374 2057 483 -770 -937 -158 568 -789 240 1315 359 2017 -983 1643 655 -990 -92 -209 316 -439 71 -408 -1772 -871 -639 -595 1199 563 319 38 -496 -751 -370 356 -459 5 -55 -61]
[1172 -1052 530 -1510 476 980 -301 -472 106 -547 -416 -59 -599 -601 279 138 518 428 -140 -252 1080 -1947 -253 -405 862 -1205 -1120 443 156 501 -1299 938 1754 -954 310 364 -576 204 -230 -371 -1097 42 -372 1256 -539 431 -1657 531 121 -891 251 -106 899 57 -1045 -283 369 -144 -1313 -2011 674 536 -1262 419 515 279 -217 -897 -106 -150 -497 1150 71 686 717 1569 -250 -1118 -483 -880 425 815 -507 -18 297 -82 1068 663 -660 -220 300 143 53 -21 -60]
[1258 -1325 -1165 -629 1395 849 -432 -457 -83 1822 -243 3 135 -214 2153 -652 -98 -1342 1585 -564 -237 -927 663 300 494 -347 1354 2240 -894 -431 -622 -110 -89 -752 1298 527 1381 -975 -232 1031 -289 -2014 954 1236 -150 -7 756 51 -54 -18 -869 -2463 -925 1613 480 1244 -200 94 -1545 943 411 -1610 875 428 943 -295 -1003 846 -114 -1791 -199 -1366 2090 -1455 -1665 -392 1318 109 -307 713 -308 675 -165 -954 144 1004 -490 335 62 112 63 187 -22 -1 -188]
]